val(:,:,1) =

    0.3017    0.3035    0.3052    0.3070
    0.2020    0.2040    0.2061    0.2083
    0.1025    0.1062    0.1104    0.1148
    0.0212    0.0307    0.0383    0.0449
    0.0006    0.0035    0.0073    0.0114
    0.0000    0.0002    0.0008    0.0019
    0.0000    0.0000    0.0000    0.0002


val(:,:,2) =

    0.3017    0.3035    0.3053    0.3074
    0.2020    0.2047    0.2081    0.2120
    0.1050    0.1131    0.1210    0.1285
    0.0322    0.0463    0.0573    0.0668
    0.0046    0.0133    0.0218    0.0297
    0.0003    0.0027    0.0067    0.0114
    0.0000    0.0004    0.0017    0.0039


val(:,:,3) =

    0.3018    0.3038    0.3065    0.3099
    0.2025    0.2076    0.2140    0.2207
    0.1102    0.1233    0.1350    0.1455
    0.0433    0.0619    0.0764    0.0887
    0.0115    0.0261    0.0389    0.0503
    0.0021    0.0094    0.0180    0.0268
    0.0003    0.0029    0.0077    0.0135


val(:,:,4) =

    0.3019    0.3051    0.3099    0.3155
    0.2042    0.2132    0.2231    0.2328
    0.1172    0.1352    0.1505    0.1639
    0.0543    0.0774    0.0954    0.1106
    0.0201    0.0402    0.0571    0.0719
    0.0060    0.0192    0.0325    0.0452
    0.0015    0.0085    0.0178    0.0277


val(:,:,5) =

    0.3024    0.3080    0.3156    0.3239
    0.2073    0.2208    0.2343    0.2470
    0.1252    0.1480    0.1668    0.1831
    0.0654    0.0930    0.1143    0.1324
    0.0295    0.0551    0.0758    0.0938
    0.0117    0.0310    0.0489    0.0653
    0.0041    0.0167    0.0309    0.0449


val(:,:,6) =

    0.3035    0.3125    0.3233    0.3344
    0.2115    0.2299    0.2470    0.2626
    0.1338    0.1614    0.1835    0.2026
    0.0764    0.1085    0.1332    0.1541
    0.0396    0.0703    0.0948    0.1159
    0.0188    0.0441    0.0664    0.0864
    0.0083    0.0270    0.0460    0.0640


val(:,:,7) =

    0.3054    0.3183    0.3325    0.3464
    0.2168    0.2399    0.2605    0.2789
    0.1429    0.1750    0.2005    0.2223
    0.0874    0.1240    0.1520    0.1757
    0.0500    0.0857    0.1140    0.1380
    0.0269    0.0581    0.0847    0.1080
    0.0138    0.0387    0.0625    0.0843


val(:,:,8) =

    0.3081    0.3253    0.3428    0.3594
    0.2229    0.2507    0.2747    0.2958
    0.1522    0.1888    0.2176    0.2420
    0.0984    0.1394    0.1708    0.1972
    0.0606    0.1013    0.1332    0.1602
    0.0358    0.0727    0.1033    0.1299
    0.0204    0.0516    0.0799    0.1053


val(:,:,9) =

    0.3116    0.3331    0.3540    0.3733
    0.2296    0.2620    0.2893    0.3131
    0.1618    0.2027    0.2347    0.2618
    0.1094    0.1548    0.1894    0.2185
    0.0714    0.1169    0.1523    0.1823
    0.0452    0.0876    0.1222    0.1520
    0.0280    0.0653    0.0980    0.1269


val(:,:,10) =

    0.3158    0.3417    0.3659    0.3877
    0.2368    0.2737    0.3042    0.3305
    0.1714    0.2167    0.2519    0.2814
    0.1203    0.1701    0.2080    0.2397
    0.0823    0.1326    0.1715    0.2042
    0.0551    0.1029    0.1413    0.1742
    0.0362    0.0795    0.1165    0.1488

