
val(:,:,1) =

    0.0000    0.0000    0.0000    0.0004
    0.0000    0.0014    0.0089    0.0234
    0.0184    0.0789    0.1396    0.1933
    0.1989    0.2805    0.3426    0.3945
    0.0373    0.1305    0.2157    0.2890
    0.0003    0.0133    0.0491    0.0984
    0.0000    0.0004    0.0052    0.0187


val(:,:,2) =

    0.0000    0.0011    0.0074    0.0206
    0.0026    0.0292    0.0709    0.1151
    0.0722    0.1611    0.2294    0.2852
    0.1990    0.2807    0.3429    0.3949
    0.1024    0.2104    0.2912    0.3571
    0.0151    0.0839    0.1621    0.2347
    0.0009    0.0207    0.0654    0.1210


val(:,:,3) =

    0.0005    0.0125    0.0394    0.0731
    0.0181    0.0781    0.1383    0.1919
    0.1120    0.2026    0.2688    0.3226
    0.1989    0.2805    0.3425    0.3943
    0.1418    0.2451    0.3203    0.3816
    0.0511    0.1518    0.2377    0.3099
    0.0110    0.0724    0.1479    0.2203


val(:,:,4) =

    0.0044    0.0372    0.0825    0.1279
    0.0425    0.1205    0.1857    0.2401
    0.1360    0.2239    0.2879    0.3399
    0.1987    0.2800    0.3417    0.3932
    0.1636    0.2620    0.3336    0.3921
    0.0877    0.1972    0.2812    0.3498
    0.0339    0.1258    0.2120    0.2867


val(:,:,5) =

    0.0138    0.0664    0.1217    0.1716
    0.0666    0.1515    0.2167    0.2698
    0.1506    0.2359    0.2980    0.3487
    0.1986    0.2795    0.3407    0.3916
    0.1764    0.2711    0.3402    0.3968
    0.1167    0.2262    0.3069    0.3720
    0.0617    0.1684    0.2561    0.3288


val(:,:,6) =

    0.0272    0.0933    0.1529    0.2037
    0.0869    0.1732    0.2369    0.2883
    0.1599    0.2429    0.3036    0.3531
    0.1983    0.2788    0.3395    0.3898
    0.1844    0.2763    0.3436    0.3987
    0.1381    0.2451    0.3225    0.3849
    0.0878    0.1999    0.2859    0.3557


val(:,:,7) =

    0.0419    0.1159    0.1767    0.2268
    0.1030    0.1885    0.2504    0.3001
    0.1660    0.2473    0.3067    0.3550
    0.1980    0.2781    0.3381    0.3876
    0.1895    0.2793    0.3451    0.3989
    0.1537    0.2577    0.3324    0.3925
    0.1100    0.2228    0.3062    0.3731


val(:,:,8) =

    0.0562    0.1342    0.1945    0.2433
    0.1155    0.1994    0.2595    0.3076
    0.1702    0.2499    0.3082    0.3555
    0.1977    0.2772    0.3365    0.3852
    0.1930    0.2810    0.3455    0.3980
    0.1653    0.2662    0.3386    0.3966
    0.1281    0.2396    0.3202    0.3845


val(:,:,9) =

    0.0692    0.1486    0.2079    0.2551
    0.1252    0.2073    0.2657    0.3122
    0.1731    0.2515    0.3086    0.3548
    0.1974    0.2762    0.3347    0.3824
    0.1953    0.2818    0.3451    0.3963
    0.1738    0.2721    0.3424    0.3986
    0.1427    0.2519    0.3298    0.3917


val(:,:,10) =

    0.0805    0.1601    0.2178    0.2634
    0.1328    0.2130    0.2697    0.3147
    0.1752    0.2523    0.3083    0.3534
    0.1970    0.2751    0.3327    0.3794
    0.1970    0.2821    0.3441    0.3940
    0.1803    0.2762    0.3445    0.3989
    0.1543    0.2610    0.3364    0.3961

