
val(:,:,1) =

    1.0000    1.0000    1.0000    0.9999
    1.0000    0.9994    0.9966    0.9914
    0.9855    0.9448    0.9109    0.8856
    0.5299    0.5422    0.5517    0.5596
    0.0335    0.1072    0.1659    0.2110
    0.0002    0.0067    0.0241    0.0471
    0.0000    0.0002    0.0019    0.0067


val(:,:,2) =

    1.0000    0.9996    0.9972    0.9926
    0.9984    0.9834    0.9624    0.9426
    0.9230    0.8550    0.8173    0.7937
    0.5283    0.5400    0.5490    0.5565
    0.1242    0.2218    0.2795    0.3189
    0.0115    0.0597    0.1093    0.1515
    0.0005    0.0112    0.0340    0.0612


val(:,:,3) =

    0.9997    0.9937    0.9814    0.9673
    0.9858    0.9455    0.9120    0.8868
    0.8587    0.7922    0.7608    0.7428
    0.5305    0.5431    0.5527    0.5608
    0.2043    0.2979    0.3487    0.3826
    0.0494    0.1328    0.1936    0.2386
    0.0080    0.0495    0.0964    0.1379


val(:,:,4) =

    0.9971    0.9779    0.9547    0.9343
    0.9607    0.9039    0.8674    0.8432
    0.8094    0.7516    0.7271    0.7143
    0.5340    0.5481    0.5588    0.5678
    0.2645    0.3502    0.3956    0.4260
    0.0999    0.1987    0.2606    0.3040
    0.0299    0.1019    0.1615    0.2081


val(:,:,5) =

    0.9896    0.9556    0.9257    0.9030
    0.9307    0.8676    0.8330    0.8118
    0.7734    0.7252    0.7068    0.6982
    0.5383    0.5540    0.5661    0.5762
    0.3101    0.3888    0.4305    0.4587
    0.1502    0.2532    0.3131    0.3543
    0.0627    0.1549    0.2195    0.2669


val(:,:,6) =

    0.9770    0.9316    0.8991    0.8769
    0.9013    0.8383    0.8075    0.7899
    0.7471    0.7077    0.6945    0.6894
    0.5429    0.5605    0.5740    0.5853
    0.3457    0.4190    0.4583    0.4853
    0.1956    0.2980    0.3554    0.3946
    0.1000    0.2033    0.2691    0.3159


val(:,:,7) =

    0.9613    0.9088    0.8766    0.8561
    0.8749    0.8153    0.7888    0.7748
    0.7278    0.6962    0.6874    0.6854
    0.5477    0.5673    0.5822    0.5947
    0.3745    0.4437    0.4815    0.5079
    0.2353    0.3352    0.3904    0.4282
    0.1376    0.2461    0.3115    0.3573


val(:,:,8) =

    0.9443    0.8886    0.8581    0.8400
    0.8521    0.7975    0.7753    0.7646
    0.7134    0.6887    0.6838    0.6845
    0.5527    0.5743    0.5907    0.6045
    0.3984    0.4648    0.5017    0.5279
    0.2698    0.3669    0.4203    0.4570
    0.1734    0.2838    0.3482    0.3929


val(:,:,9) =

    0.9272    0.8712    0.8433    0.8279
    0.8327    0.7838    0.7657    0.7582
    0.7028    0.6841    0.6826    0.6858
    0.5578    0.5814    0.5993    0.6143
    0.4189    0.4832    0.5197    0.5460
    0.3000    0.3943    0.4463    0.4823
    0.2065    0.3170    0.3803    0.4241


val(:,:,10) =

    0.9111    0.8565    0.8316    0.8189
    0.8165    0.7733    0.7592    0.7545
    0.6948    0.6816    0.6833    0.6887
    0.5629    0.5886    0.6081    0.6243
    0.4367    0.4997    0.5362    0.5627
    0.3266    0.4185    0.4695    0.5051
    0.2369    0.3466    0.4088    0.4520

