
val(:,:,1,1) =

    0.3021    0.3047    0.3081    0.3120
    0.2023    0.2052    0.2089    0.2136
    0.1026    0.1062    0.1118    0.1194
    0.0110    0.0224    0.0340    0.0461
    0.0000    0.0012    0.0053    0.0123
    0.0000    0.0001    0.0007    0.0030
    0.0000    0.0000    0.0001    0.0008


val(:,:,2,1) =

    0.3102    0.3210    0.3326    0.3449
    0.2104    0.2215    0.2334    0.2462
    0.1107    0.1222    0.1353    0.1500
    0.0161    0.0327    0.0498    0.0675
    0.0000    0.0020    0.0092    0.0206
    0.0000    0.0001    0.0013    0.0053
    0.0000    0.0000    0.0002    0.0014


val(:,:,3,1) =

    0.3183    0.3375    0.3577    0.3789
    0.2186    0.2380    0.2585    0.2801
    0.1188    0.1387    0.1599    0.1826
    0.0222    0.0452    0.0690    0.0938
    0.0001    0.0036    0.0154    0.0334
    0.0000    0.0002    0.0024    0.0092
    0.0000    0.0000    0.0004    0.0024


val(:,:,4,1) =

    0.3265    0.3543    0.3835    0.4140
    0.2268    0.2548    0.2842    0.3151
    0.1270    0.1554    0.1853    0.2170
    0.0291    0.0594    0.0910    0.1239
    0.0001    0.0061    0.0249    0.0516
    0.0000    0.0003    0.0042    0.0157
    0.0000    0.0000    0.0007    0.0043


val(:,:,5,1) =

    0.3348    0.3714    0.4098    0.4502
    0.2351    0.2719    0.3106    0.3513
    0.1353    0.1724    0.2115    0.2528
    0.0366    0.0750    0.1151    0.1572
    0.0002    0.0103    0.0383    0.0754
    0.0000    0.0006    0.0072    0.0261
    0.0000    0.0000    0.0012    0.0076


val(:,:,6,1) =

    0.3432    0.3887    0.4368    0.4877
    0.2434    0.2892    0.3376    0.3887
    0.1437    0.1898    0.2385    0.2900
    0.0445    0.0914    0.1408    0.1929
    0.0003    0.0166    0.0559    0.1044
    0.0000    0.0010    0.0124    0.0417
    0.0000    0.0001    0.0021    0.0132


val(:,:,7,1) =

    0.3516    0.4064    0.4645    0.5263
    0.2518    0.3069    0.3653    0.4274
    0.1521    0.2074    0.2661    0.3285
    0.0527    0.1085    0.1677    0.2306
    0.0006    0.0254    0.0772    0.1378
    0.0000    0.0018    0.0204    0.0634
    0.0000    0.0001    0.0038    0.0222


val(:,:,8,1) =

    0.3601    0.4243    0.4929    0.5663
    0.2603    0.3248    0.3936    0.4673
    0.1606    0.2253    0.2944    0.3684
    0.0610    0.1261    0.1957    0.2700
    0.0011    0.0370    0.1015    0.1746
    0.0000    0.0031    0.0324    0.0912
    0.0000    0.0002    0.0066    0.0363


val(:,:,9,1) =

    0.3686    0.4425    0.5219    0.6075
    0.2689    0.3430    0.4227    0.5085
    0.1691    0.2435    0.3235    0.4096
    0.0695    0.1442    0.2245    0.3109
    0.0018    0.0509    0.1282    0.2139
    0.0000    0.0054    0.0489    0.1244
    0.0000    0.0003    0.0114    0.0565


val(:,:,10,1) =

    0.3773    0.4610    0.5517    0.6501
    0.2775    0.3615    0.4524    0.5511
    0.1778    0.2620    0.3532    0.4521
    0.0781    0.1626    0.2541    0.3533
    0.0032    0.0668    0.1565    0.2555
    0.0000    0.0091    0.0698    0.1620
    0.0000    0.0006    0.0190    0.0834


val(:,:,1,2) =

    0.3025    0.3065    0.3122    0.3199
    0.2028    0.2072    0.2141    0.2242
    0.1031    0.1102    0.1222    0.1374
    0.0165    0.0339    0.0521    0.0712
    0.0003    0.0056    0.0171    0.0324
    0.0000    0.0008    0.0052    0.0141
    0.0000    0.0001    0.0017    0.0062


val(:,:,2,2) =

    0.3106    0.3228    0.3368    0.3528
    0.2108    0.2234    0.2383    0.2561
    0.1112    0.1257    0.1442    0.1658
    0.0213    0.0437    0.0673    0.0922
    0.0005    0.0080    0.0239    0.0445
    0.0000    0.0012    0.0075    0.0200
    0.0000    0.0002    0.0024    0.0089


val(:,:,3,2) =

    0.3188    0.3394    0.3620    0.3869
    0.2190    0.2399    0.2633    0.2895
    0.1193    0.1417    0.1677    0.1967
    0.0268    0.0552    0.0851    0.1167
    0.0007    0.0113    0.0327    0.0600
    0.0000    0.0018    0.0107    0.0280
    0.0000    0.0003    0.0035    0.0128


val(:,:,4,2) =

    0.3270    0.3562    0.3878    0.4221
    0.2272    0.2567    0.2890    0.3242
    0.1275    0.1581    0.1922    0.2296
    0.0330    0.0680    0.1052    0.1446
    0.0010    0.0157    0.0441    0.0793
    0.0000    0.0026    0.0152    0.0389
    0.0000    0.0004    0.0051    0.0183


val(:,:,5,2) =

    0.3353    0.3733    0.4143    0.4586
    0.2355    0.2738    0.3153    0.3603
    0.1358    0.1749    0.2178    0.2644
    0.0398    0.0822    0.1273    0.1755
    0.0014    0.0215    0.0582    0.1025
    0.0000    0.0037    0.0214    0.0532
    0.0000    0.0006    0.0073    0.0258


val(:,:,6,2) =

    0.3436    0.3907    0.4414    0.4962
    0.2439    0.2912    0.3423    0.3977
    0.1442    0.1921    0.2443    0.3009
    0.0471    0.0974    0.1513    0.2090
    0.0020    0.0289    0.0751    0.1296
    0.0000    0.0053    0.0296    0.0713
    0.0000    0.0009    0.0104    0.0360


val(:,:,7,2) =

    0.3521    0.4083    0.4692    0.5351
    0.2523    0.3088    0.3701    0.4365
    0.1526    0.2096    0.2716    0.3389
    0.0547    0.1135    0.1768    0.2450
    0.0028    0.0381    0.0948    0.1604
    0.0001    0.0076    0.0403    0.0936
    0.0000    0.0014    0.0148    0.0496


val(:,:,8,2) =

    0.3606    0.4263    0.4977    0.5753
    0.2608    0.3268    0.3985    0.4766
    0.1611    0.2275    0.2998    0.3786
    0.0626    0.1303    0.2036    0.2831
    0.0040    0.0491    0.1170    0.1945
    0.0001    0.0107    0.0539    0.1202
    0.0000    0.0020    0.0209    0.0672


val(:,:,9,2) =

    0.3691    0.4445    0.5268    0.6168
    0.2694    0.3450    0.4276    0.5180
    0.1696    0.2456    0.3288    0.4197
    0.0708    0.1478    0.2316    0.3232
    0.0057    0.0618    0.1415    0.2316
    0.0001    0.0150    0.0705    0.1511
    0.0000    0.0028    0.0290    0.0891


val(:,:,10,2) =

    0.3778    0.4630    0.5567    0.6597
    0.2780    0.3635    0.4575    0.5608
    0.1783    0.2641    0.3585    0.4623
    0.0791    0.1658    0.2607    0.3650
    0.0079    0.0761    0.1679    0.2712
    0.0002    0.0207    0.0901    0.1858
    0.0000    0.0041    0.0397    0.1157


val(:,:,1,3) =

    0.3031    0.3092    0.3187    0.3326
    0.2034    0.2104    0.2230    0.2410
    0.1043    0.1170    0.1367    0.1607
    0.0222    0.0459    0.0713    0.0985
    0.0013    0.0130    0.0328    0.0570
    0.0001    0.0034    0.0145    0.0323
    0.0000    0.0010    0.0065    0.0184


val(:,:,2,3) =

    0.3112    0.3255    0.3433    0.3654
    0.2115    0.2266    0.2467    0.2721
    0.1122    0.1317    0.1576    0.1880
    0.0268    0.0556    0.0865    0.1198
    0.0017    0.0167    0.0415    0.0716
    0.0001    0.0045    0.0187    0.0414
    0.0000    0.0013    0.0085    0.0239


val(:,:,3,3) =

    0.3194    0.3421    0.3685    0.3994
    0.2197    0.2430    0.2713    0.3048
    0.1203    0.1471    0.1800    0.2175
    0.0321    0.0665    0.1037    0.1439
    0.0023    0.0213    0.0520    0.0889
    0.0001    0.0059    0.0241    0.0527
    0.0000    0.0017    0.0111    0.0309


val(:,:,4,3) =

    0.3276    0.3589    0.3944    0.4347
    0.2279    0.2598    0.2967    0.3391
    0.1284    0.1630    0.2036    0.2493
    0.0379    0.0787    0.1229    0.1708
    0.0030    0.0270    0.0646    0.1093
    0.0002    0.0076    0.0309    0.0666
    0.0000    0.0022    0.0144    0.0398


val(:,:,5,3) =

    0.3359    0.3760    0.4209    0.4713
    0.2362    0.2768    0.3229    0.3749
    0.1366    0.1794    0.2284    0.2830
    0.0441    0.0920    0.1439    0.2004
    0.0039    0.0338    0.0793    0.1328
    0.0002    0.0099    0.0393    0.0834
    0.0000    0.0029    0.0187    0.0509


val(:,:,6,3) =

    0.3443    0.3935    0.4482    0.5091
    0.2446    0.2942    0.3498    0.4121
    0.1450    0.1963    0.2542    0.3186
    0.0509    0.1062    0.1666    0.2326
    0.0050    0.0419    0.0961    0.1594
    0.0003    0.0128    0.0496    0.1033
    0.0000    0.0037    0.0242    0.0645


val(:,:,7,3) =

    0.3527    0.4112    0.4761    0.5483
    0.2530    0.3118    0.3775    0.4508
    0.1533    0.2135    0.2810    0.3560
    0.0580    0.1214    0.1909    0.2672
    0.0065    0.0513    0.1152    0.1892
    0.0004    0.0165    0.0620    0.1265
    0.0000    0.0049    0.0310    0.0812


val(:,:,8,3) =

    0.3612    0.4291    0.5046    0.5888
    0.2615    0.3298    0.4059    0.4909
    0.1618    0.2312    0.3088    0.3952
    0.0655    0.1374    0.2166    0.3041
    0.0083    0.0621    0.1364    0.2219
    0.0005    0.0211    0.0766    0.1532
    0.0000    0.0064    0.0396    0.1010


val(:,:,9,3) =

    0.3698    0.4474    0.5340    0.6306
    0.2701    0.3480    0.4351    0.5325
    0.1704    0.2492    0.3375    0.4360
    0.0732    0.1541    0.2437    0.3431
    0.0106    0.0743    0.1596    0.2574
    0.0007    0.0268    0.0935    0.1833
    0.0000    0.0084    0.0500    0.1244


val(:,:,10,3) =

    0.3784    0.4660    0.5640    0.6739
    0.2787    0.3666    0.4650    0.5756
    0.1790    0.2676    0.3670    0.4784
    0.0813    0.1715    0.2720    0.3842
    0.0133    0.0877    0.1847    0.2956
    0.0009    0.0337    0.1129    0.2167
    0.0001    0.0108    0.0627    0.1515


val(:,:,1,4) =

    0.3040    0.3128    0.3280    0.3505
    0.2043    0.2153    0.2354    0.2632
    0.1061    0.1257    0.1540    0.1878
    0.0279    0.0583    0.0916    0.1281
    0.0032    0.0224    0.0509    0.0850
    0.0003    0.0081    0.0277    0.0559
    0.0000    0.0031    0.0152    0.0369


val(:,:,2,4) =

    0.3121    0.3291    0.3525    0.3831
    0.2124    0.2313    0.2587    0.2937
    0.1139    0.1399    0.1743    0.2146
    0.0325    0.0681    0.1070    0.1500
    0.0040    0.0272    0.0611    0.1015
    0.0004    0.0100    0.0338    0.0677
    0.0001    0.0038    0.0187    0.0452


val(:,:,3,4) =

    0.3203    0.3457    0.3777    0.4170
    0.2205    0.2475    0.2828    0.3260
    0.1218    0.1547    0.1959    0.2436
    0.0376    0.0788    0.1242    0.1743
    0.0049    0.0327    0.0729    0.1204
    0.0005    0.0124    0.0410    0.0816
    0.0001    0.0047    0.0230    0.0551


val(:,:,4,4) =

    0.3285    0.3626    0.4035    0.4523
    0.2288    0.2642    0.3079    0.3598
    0.1299    0.1701    0.2188    0.2747
    0.0431    0.0906    0.1430    0.2010
    0.0060    0.0392    0.0864    0.1419
    0.0007    0.0152    0.0497    0.0979
    0.0001    0.0058    0.0281    0.0669


val(:,:,5,4) =

    0.3368    0.3797    0.4301    0.4890
    0.2371    0.2811    0.3338    0.3953
    0.1380    0.1860    0.2429    0.3077
    0.0491    0.1033    0.1634    0.2302
    0.0074    0.0468    0.1017    0.1660
    0.0008    0.0185    0.0598    0.1166
    0.0001    0.0072    0.0344    0.0808


val(:,:,6,4) =

    0.3452    0.3972    0.4574    0.5270
    0.2454    0.2984    0.3605    0.4323
    0.1462    0.2025    0.2681    0.3427
    0.0555    0.1170    0.1854    0.2618
    0.0090    0.0553    0.1188    0.1929
    0.0010    0.0226    0.0716    0.1381
    0.0001    0.0089    0.0419    0.0972


val(:,:,7,4) =

    0.3536    0.4149    0.4854    0.5664
    0.2539    0.3160    0.3880    0.4709
    0.1546    0.2194    0.2944    0.3796
    0.0623    0.1315    0.2089    0.2957
    0.0110    0.0650    0.1377    0.2224
    0.0013    0.0274    0.0852    0.1624
    0.0002    0.0110    0.0507    0.1161


val(:,:,8,4) =

    0.3621    0.4330    0.5141    0.6072
    0.2624    0.3339    0.4164    0.5110
    0.1630    0.2368    0.3217    0.4183
    0.0693    0.1468    0.2338    0.3318
    0.0133    0.0758    0.1585    0.2546
    0.0016    0.0332    0.1007    0.1896
    0.0002    0.0135    0.0612    0.1380


val(:,:,9,4) =

    0.3707    0.4513    0.5436    0.6495
    0.2709    0.3522    0.4455    0.5527
    0.1715    0.2545    0.3500    0.4589
    0.0767    0.1629    0.2601    0.3701
    0.0160    0.0878    0.1810    0.2895
    0.0019    0.0398    0.1181    0.2197
    0.0002    0.0165    0.0734    0.1628


val(:,:,10,4) =

    0.3793    0.4699    0.5738    0.6931
    0.2796    0.3707    0.4755    0.5960
    0.1801    0.2727    0.3792    0.5011
    0.0844    0.1797    0.2877    0.4105
    0.0191    0.1008    0.2053    0.3268
    0.0024    0.0476    0.1376    0.2528
    0.0003    0.0202    0.0875    0.1907


val(:,:,1,5) =

    0.3050    0.3175    0.3402    0.3733
    0.2055    0.2219    0.2509    0.2900
    0.1087    0.1360    0.1736    0.2183
    0.0338    0.0713    0.1132    0.1603
    0.0060    0.0332    0.0711    0.1161
    0.0010    0.0149    0.0440    0.0838
    0.0002    0.0068    0.0275    0.0608


val(:,:,2,5) =

    0.3131    0.3338    0.3645    0.4058
    0.2135    0.2376    0.2738    0.3203
    0.1163    0.1497    0.1935    0.2452
    0.0384    0.0811    0.1290    0.1830
    0.0071    0.0388    0.0825    0.1343
    0.0012    0.0176    0.0517    0.0980
    0.0002    0.0081    0.0325    0.0716


val(:,:,3,5) =

    0.3213    0.3504    0.3896    0.4398
    0.2217    0.2536    0.2976    0.3523
    0.1241    0.1641    0.2147    0.2741
    0.0434    0.0918    0.1463    0.2078
    0.0084    0.0451    0.0953    0.1547
    0.0014    0.0208    0.0606    0.1141
    0.0002    0.0096    0.0384    0.0841


val(:,:,4,5) =

    0.3295    0.3673    0.4155    0.4752
    0.2299    0.2701    0.3223    0.3860
    0.1319    0.1790    0.2371    0.3050
    0.0487    0.1034    0.1650    0.2349
    0.0099    0.0523    0.1096    0.1774
    0.0016    0.0246    0.0708    0.1324
    0.0003    0.0115    0.0453    0.0985


val(:,:,5,5) =

    0.3379    0.3845    0.4421    0.5120
    0.2382    0.2869    0.3480    0.4214
    0.1399    0.1946    0.2607    0.3378
    0.0545    0.1159    0.1852    0.2642
    0.0116    0.0604    0.1255    0.2024
    0.0020    0.0290    0.0823    0.1530
    0.0004    0.0136    0.0533    0.1149


val(:,:,6,5) =

    0.3462    0.4020    0.4694    0.5503
    0.2466    0.3041    0.3745    0.4583
    0.1481    0.2106    0.2855    0.3726
    0.0606    0.1291    0.2069    0.2957
    0.0137    0.0694    0.1429    0.2298
    0.0024    0.0340    0.0954    0.1759
    0.0004    0.0162    0.0625    0.1336


val(:,:,7,5) =

    0.3547    0.4197    0.4975    0.5900
    0.2550    0.3216    0.4019    0.4969
    0.1563    0.2272    0.3113    0.4092
    0.0671    0.1432    0.2299    0.3294
    0.0160    0.0793    0.1620    0.2597
    0.0028    0.0398    0.1100    0.2014
    0.0005    0.0192    0.0731    0.1546


val(:,:,8,5) =

    0.3632    0.4378    0.5263    0.6311
    0.2635    0.3394    0.4301    0.5372
    0.1646    0.2442    0.3382    0.4478
    0.0739    0.1581    0.2544    0.3653
    0.0187    0.0902    0.1827    0.2920
    0.0034    0.0464    0.1263    0.2295
    0.0006    0.0227    0.0851    0.1782


val(:,:,9,5) =

    0.3718    0.4562    0.5559    0.6738
    0.2721    0.3576    0.4592    0.5790
    0.1731    0.2617    0.3662    0.4882
    0.0810    0.1736    0.2801    0.4033
    0.0217    0.1020    0.2051    0.3268
    0.0040    0.0538    0.1443    0.2602
    0.0007    0.0268    0.0987    0.2045


val(:,:,10,5) =

    0.3804    0.4749    0.5863    0.7179
    0.2807    0.3761    0.4892    0.6225
    0.1816    0.2797    0.3952    0.5304
    0.0884    0.1899    0.3072    0.4435
    0.0252    0.1149    0.2290    0.3639
    0.0048    0.0622    0.1640    0.2936
    0.0009    0.0315    0.1140    0.2335


val(:,:,1,6) =

    0.3063    0.3236    0.3552    0.4009
    0.2070    0.2300    0.2692    0.3211
    0.1120    0.1475    0.1951    0.2522
    0.0397    0.0848    0.1362    0.1955
    0.0094    0.0451    0.0930    0.1505
    0.0020    0.0233    0.0631    0.1159
    0.0005    0.0122    0.0430    0.0896


val(:,:,2,6) =

    0.3144    0.3398    0.3795    0.4336
    0.2150    0.2454    0.2918    0.3515
    0.1194    0.1609    0.2149    0.2795
    0.0443    0.0947    0.1525    0.2191
    0.0108    0.0514    0.1055    0.1703
    0.0024    0.0269    0.0722    0.1322
    0.0006    0.0142    0.0496    0.1028


val(:,:,3,6) =

    0.3226    0.3564    0.4045    0.4677
    0.2232    0.2613    0.3154    0.3836
    0.1270    0.1749    0.2360    0.3087
    0.0493    0.1055    0.1700    0.2448
    0.0125    0.0583    0.1192    0.1922
    0.0028    0.0310    0.0825    0.1503
    0.0007    0.0164    0.0570    0.1177


val(:,:,4,6) =

    0.3308    0.3732    0.4304    0.5034
    0.2314    0.2776    0.3399    0.4174
    0.1347    0.1895    0.2582    0.3398
    0.0546    0.1170    0.1889    0.2724
    0.0143    0.0661    0.1343    0.2161
    0.0032    0.0356    0.0940    0.1705
    0.0008    0.0190    0.0655    0.1344


val(:,:,5,6) =

    0.3391    0.3904    0.4570    0.5405
    0.2396    0.2942    0.3654    0.4529
    0.1425    0.2047    0.2815    0.3728
    0.0602    0.1293    0.2091    0.3022
    0.0164    0.0746    0.1508    0.2422
    0.0038    0.0408    0.1067    0.1927
    0.0009    0.0220    0.0750    0.1531


val(:,:,6,6) =

    0.3475    0.4079    0.4844    0.5791
    0.2480    0.3112    0.3917    0.4900
    0.1505    0.2204    0.3060    0.4077
    0.0662    0.1423    0.2307    0.3341
    0.0188    0.0840    0.1688    0.2705
    0.0044    0.0466    0.1209    0.2172
    0.0010    0.0254    0.0858    0.1738


val(:,:,7,6) =

    0.3560    0.4257    0.5125    0.6192
    0.2564    0.3286    0.4190    0.5288
    0.1586    0.2367    0.3316    0.4445
    0.0724    0.1561    0.2536    0.3681
    0.0215    0.0941    0.1881    0.3010
    0.0051    0.0532    0.1365    0.2440
    0.0012    0.0293    0.0978    0.1968


val(:,:,8,6) =

    0.3645    0.4438    0.5415    0.6608
    0.2649    0.3464    0.4472    0.5693
    0.1668    0.2534    0.3582    0.4831
    0.0790    0.1707    0.2778    0.4041
    0.0244    0.1052    0.2090    0.3339
    0.0059    0.0605    0.1535    0.2732
    0.0014    0.0337    0.1112    0.2222


val(:,:,9,6) =

    0.3731    0.4622    0.5712    0.7040
    0.2735    0.3645    0.4762    0.6115
    0.1752    0.2707    0.3859    0.5237
    0.0858    0.1859    0.3033    0.4423
    0.0277    0.1171    0.2314    0.3690
    0.0068    0.0686    0.1722    0.3048
    0.0017    0.0387    0.1260    0.2500


val(:,:,10,6) =

    0.3818    0.4809    0.6018    0.7487
    0.2821    0.3830    0.5062    0.6554
    0.1836    0.2884    0.4147    0.5661
    0.0930    0.2018    0.3300    0.4826
    0.0314    0.1298    0.2552    0.4065
    0.0079    0.0776    0.1924    0.3389
    0.0019    0.0444    0.1424    0.2803


val(:,:,1,7) =

    0.3077    0.3309    0.3730    0.4332
    0.2089    0.2395    0.2899    0.3564
    0.1158    0.1600    0.2185    0.2898
    0.0458    0.0988    0.1608    0.2339
    0.0134    0.0579    0.1167    0.1884
    0.0037    0.0333    0.0845    0.1520
    0.0011    0.0193    0.0615    0.1231


val(:,:,2,7) =

    0.3159    0.3471    0.3973    0.4663
    0.2169    0.2548    0.3124    0.3872
    0.1231    0.1732    0.2384    0.3178
    0.0504    0.1089    0.1775    0.2587
    0.0152    0.0648    0.1302    0.2098
    0.0042    0.0376    0.0950    0.1702
    0.0012    0.0220    0.0695    0.1386


val(:,:,3,7) =

    0.3241    0.3636    0.4223    0.5009
    0.2250    0.2705    0.3359    0.4198
    0.1304    0.1870    0.2594    0.3476
    0.0554    0.1198    0.1954    0.2853
    0.0171    0.0723    0.1448    0.2332
    0.0048    0.0425    0.1065    0.1903
    0.0014    0.0249    0.0784    0.1557


val(:,:,4,7) =

    0.3323    0.3804    0.4482    0.5369
    0.2332    0.2865    0.3604    0.4539
    0.1380    0.2014    0.2816    0.3792
    0.0606    0.1313    0.2146    0.3139
    0.0193    0.0805    0.1607    0.2584
    0.0054    0.0478    0.1192    0.2123
    0.0016    0.0283    0.0883    0.1746


val(:,:,5,7) =

    0.3406    0.3976    0.4749    0.5745
    0.2414    0.3030    0.3858    0.4898
    0.1457    0.2163    0.3049    0.4127
    0.0661    0.1435    0.2351    0.3445
    0.0217    0.0895    0.1778    0.2858
    0.0062    0.0538    0.1331    0.2363
    0.0018    0.0320    0.0992    0.1954


val(:,:,6,7) =

    0.3490    0.4151    0.5023    0.6136
    0.2498    0.3199    0.4121    0.5274
    0.1535    0.2318    0.3293    0.4480
    0.0720    0.1565    0.2568    0.3771
    0.0243    0.0992    0.1963    0.3152
    0.0070    0.0603    0.1482    0.2624
    0.0021    0.0362    0.1113    0.2182


val(:,:,7,7) =

    0.3575    0.4329    0.5306    0.6543
    0.2582    0.3372    0.4393    0.5666
    0.1615    0.2477    0.3548    0.4853
    0.0781    0.1701    0.2797    0.4117
    0.0273    0.1096    0.2161    0.3467
    0.0080    0.0676    0.1647    0.2906
    0.0024    0.0409    0.1247    0.2432


val(:,:,8,7) =

    0.3660    0.4510    0.5597    0.6966
    0.2666    0.3548    0.4675    0.6076
    0.1696    0.2643    0.3813    0.5244
    0.0845    0.1844    0.3039    0.4483
    0.0305    0.1208    0.2373    0.3804
    0.0091    0.0755    0.1826    0.3211
    0.0027    0.0462    0.1393    0.2703


val(:,:,9,7) =

    0.3746    0.4694    0.5896    0.7404
    0.2752    0.3729    0.4966    0.6503
    0.1778    0.2813    0.4090    0.5654
    0.0911    0.1994    0.3293    0.4870
    0.0340    0.1328    0.2599    0.4163
    0.0103    0.0842    0.2019    0.3539
    0.0031    0.0520    0.1553    0.2997


val(:,:,10,7) =

    0.3833    0.4882    0.6204    0.7859
    0.2838    0.3913    0.5266    0.6947
    0.1862    0.2987    0.4377    0.6083
    0.0981    0.2150    0.3560    0.5278
    0.0378    0.1455    0.2838    0.4545
    0.0117    0.0936    0.2226    0.3890
    0.0035    0.0585    0.1727    0.3316


val(:,:,1,8) =

    0.3095    0.3395    0.3935    0.4704
    0.2112    0.2504    0.3130    0.3961
    0.1201    0.1734    0.2438    0.3313
    0.0520    0.1134    0.1869    0.2762
    0.0179    0.0716    0.1423    0.2302
    0.0058    0.0446    0.1083    0.1923
    0.0020    0.0280    0.0828    0.1614


val(:,:,2,8) =

    0.3176    0.3556    0.4178    0.5041
    0.2192    0.2655    0.3356    0.4276
    0.1272    0.1865    0.2639    0.3602
    0.0566    0.1238    0.2042    0.3022
    0.0199    0.0790    0.1567    0.2533
    0.0065    0.0496    0.1199    0.2126
    0.0022    0.0313    0.0921    0.1790


val(:,:,3,8) =

    0.3258    0.3721    0.4430    0.5393
    0.2272    0.2810    0.3592    0.4608
    0.1345    0.2001    0.2851    0.3909
    0.0616    0.1347    0.2227    0.3300
    0.0221    0.0870    0.1722    0.2782
    0.0073    0.0551    0.1326    0.2346
    0.0025    0.0350    0.1023    0.1984


val(:,:,4,8) =

    0.3340    0.3889    0.4689    0.5760
    0.2354    0.2969    0.3836    0.4957
    0.1419    0.2143    0.3075    0.4234
    0.0668    0.1463    0.2423    0.3598
    0.0246    0.0957    0.1888    0.3049
    0.0082    0.0612    0.1464    0.2584
    0.0028    0.0390    0.1136    0.2194


val(:,:,5,8) =

    0.3424    0.4060    0.4957    0.6143
    0.2436    0.3133    0.4091    0.5322
    0.1494    0.2291    0.3309    0.4576
    0.0723    0.1586    0.2631    0.3914
    0.0272    0.1050    0.2067    0.3337
    0.0092    0.0678    0.1614    0.2842
    0.0031    0.0435    0.1259    0.2423


val(:,:,6,8) =

    0.3508    0.4235    0.5234    0.6542
    0.2519    0.3300    0.4355    0.5705
    0.1571    0.2444    0.3553    0.4938
    0.0780    0.1715    0.2850    0.4249
    0.0301    0.1150    0.2258    0.3644
    0.0103    0.0750    0.1775    0.3120
    0.0035    0.0485    0.1392    0.2672


val(:,:,7,8) =

    0.3593    0.4413    0.5518    0.6956
    0.2603    0.3472    0.4628    0.6104
    0.1650    0.2602    0.3809    0.5317
    0.0840    0.1851    0.3082    0.4605
    0.0333    0.1257    0.2461    0.3972
    0.0115    0.0828    0.1949    0.3418
    0.0040    0.0539    0.1538    0.2941


val(:,:,8,8) =

    0.3678    0.4594    0.5811    0.7387
    0.2687    0.3648    0.4910    0.6522
    0.1729    0.2765    0.4075    0.5716
    0.0903    0.1993    0.3326    0.4980
    0.0367    0.1371    0.2678    0.4320
    0.0129    0.0913    0.2136    0.3738
    0.0045    0.0599    0.1696    0.3231


val(:,:,9,8) =

    0.3764    0.4779    0.6113    0.7834
    0.2772    0.3827    0.5202    0.6956
    0.1810    0.2933    0.4352    0.6134
    0.0968    0.2141    0.3581    0.5376
    0.0404    0.1492    0.2907    0.4690
    0.0144    0.1005    0.2336    0.4080
    0.0050    0.0665    0.1867    0.3544


val(:,:,10,8) =

    0.3851    0.4967    0.6422    0.8298
    0.2859    0.4010    0.5503    0.7409
    0.1893    0.3106    0.4639    0.6571
    0.1036    0.2296    0.3849    0.5792
    0.0444    0.1621    0.3149    0.5082
    0.0161    0.1104    0.2550    0.4444
    0.0056    0.0737    0.2051    0.3879


val(:,:,1,9) =

    0.3115    0.3493    0.4166    0.5128
    0.2140    0.2624    0.3385    0.4406
    0.1249    0.1876    0.2710    0.3772
    0.0583    0.1287    0.2149    0.3227
    0.0228    0.0860    0.1698    0.2763
    0.0085    0.0571    0.1343    0.2373
    0.0032    0.0381    0.1067    0.2046


val(:,:,2,9) =

    0.3196    0.3654    0.4411    0.5473
    0.2219    0.2774    0.3613    0.4731
    0.1318    0.2007    0.2915    0.4073
    0.0630    0.1392    0.2329    0.3501
    0.0251    0.0939    0.1851    0.3011
    0.0094    0.0627    0.1471    0.2596
    0.0036    0.0420    0.1173    0.2245


val(:,:,3,9) =

    0.3278    0.3819    0.4664    0.5834
    0.2299    0.2928    0.3850    0.5072
    0.1389    0.2143    0.3131    0.4391
    0.0679    0.1503    0.2519    0.3794
    0.0275    0.1024    0.2014    0.3277
    0.0104    0.0689    0.1609    0.2836
    0.0040    0.0464    0.1288    0.2460


val(:,:,4,9) =

    0.3361    0.3987    0.4926    0.6210
    0.2380    0.3086    0.4097    0.5430
    0.1462    0.2284    0.3357    0.4727
    0.0731    0.1621    0.2720    0.4104
    0.0302    0.1115    0.2189    0.3562
    0.0115    0.0756    0.1758    0.3093
    0.0045    0.0511    0.1413    0.2693


val(:,:,5,9) =

    0.3444    0.4158    0.5196    0.6602
    0.2461    0.3249    0.4353    0.5805
    0.1536    0.2431    0.3593    0.5080
    0.0786    0.1744    0.2932    0.4434
    0.0331    0.1212    0.2375    0.3865
    0.0127    0.0828    0.1918    0.3370
    0.0050    0.0563    0.1549    0.2944


val(:,:,6,9) =

    0.3528    0.4333    0.5475    0.7010
    0.2544    0.3416    0.4618    0.6197
    0.1612    0.2582    0.3840    0.5452
    0.0842    0.1874    0.3156    0.4782
    0.0362    0.1315    0.2573    0.4187
    0.0141    0.0906    0.2089    0.3666
    0.0055    0.0620    0.1695    0.3214


val(:,:,7,9) =

    0.3613    0.4511    0.5762    0.7435
    0.2627    0.3586    0.4893    0.6606
    0.1689    0.2739    0.4098    0.5843
    0.0902    0.2009    0.3391    0.5149
    0.0395    0.1425    0.2783    0.4530
    0.0156    0.0989    0.2272    0.3982
    0.0061    0.0682    0.1853    0.3503


val(:,:,8,9) =

    0.3698    0.4692    0.6057    0.7876
    0.2712    0.3761    0.5178    0.7034
    0.1768    0.2901    0.4366    0.6252
    0.0964    0.2151    0.3638    0.5537
    0.0431    0.1541    0.3005    0.4893
    0.0172    0.1079    0.2468    0.4319
    0.0068    0.0748    0.2022    0.3814


val(:,:,9,9) =

    0.3784    0.4877    0.6362    0.8334
    0.2797    0.3940    0.5472    0.7479
    0.1848    0.3068    0.4644    0.6680
    0.1028    0.2299    0.3897    0.5944
    0.0470    0.1664    0.3239    0.5276
    0.0190    0.1176    0.2676    0.4677
    0.0075    0.0821    0.2204    0.4145


val(:,:,10,9) =

    0.3871    0.5066    0.6675    0.8810
    0.2883    0.4123    0.5775    0.7943
    0.1929    0.3240    0.4934    0.7128
    0.1094    0.2452    0.4167    0.6373
    0.0511    0.1794    0.3486    0.5682
    0.0209    0.1279    0.2897    0.5058
    0.0083    0.0899    0.2398    0.4499


val(:,:,1,10) =

    0.3138    0.3604    0.4425    0.5607
    0.2172    0.2756    0.3664    0.4903
    0.1300    0.2027    0.3004    0.4282
    0.0648    0.1446    0.2449    0.3741
    0.0281    0.1013    0.1994    0.3274
    0.0116    0.0706    0.1626    0.2875
    0.0049    0.0495    0.1332    0.2534


val(:,:,2,10) =

    0.3219    0.3765    0.4672    0.5963
    0.2250    0.2905    0.3895    0.5240
    0.1368    0.2158    0.3214    0.4596
    0.0695    0.1553    0.2635    0.4032
    0.0305    0.1097    0.2156    0.3541
    0.0128    0.0769    0.1765    0.3118
    0.0054    0.0541    0.1451    0.2755


val(:,:,3,10) =

    0.3301    0.3929    0.4928    0.6335
    0.2330    0.3058    0.4135    0.5593
    0.1438    0.2294    0.3434    0.4928
    0.0744    0.1667    0.2832    0.4340
    0.0332    0.1186    0.2328    0.3826
    0.0140    0.0836    0.1915    0.3379
    0.0060    0.0591    0.1579    0.2993


val(:,:,4,10) =

    0.3383    0.4097    0.5193    0.6723
    0.2410    0.3216    0.4384    0.5963
    0.1509    0.2435    0.3664    0.5277
    0.0796    0.1785    0.3039    0.4666
    0.0361    0.1281    0.2511    0.4128
    0.0153    0.0909    0.2074    0.3657
    0.0066    0.0645    0.1717    0.3248


val(:,:,5,10) =

    0.3467    0.4268    0.5466    0.7126
    0.2491    0.3378    0.4643    0.6350
    0.1582    0.2581    0.3904    0.5644
    0.0850    0.1910    0.3257    0.5011
    0.0392    0.1381    0.2705    0.4449
    0.0168    0.0987    0.2244    0.3954
    0.0072    0.0704    0.1864    0.3521


val(:,:,6,10) =

    0.3551    0.4443    0.5747    0.7547
    0.2573    0.3544    0.4912    0.6755
    0.1657    0.2732    0.4154    0.6030
    0.0907    0.2040    0.3486    0.5374
    0.0425    0.1488    0.2911    0.4789
    0.0184    0.1070    0.2426    0.4270
    0.0080    0.0767    0.2023    0.3814


val(:,:,7,10) =

    0.3636    0.4621    0.6038    0.7984
    0.2656    0.3714    0.5190    0.7177
    0.1733    0.2888    0.4415    0.6434
    0.0966    0.2177    0.3726    0.5757
    0.0460    0.1600    0.3128    0.5148
    0.0201    0.1159    0.2618    0.4606
    0.0087    0.0835    0.2192    0.4125


val(:,:,8,10) =

    0.3721    0.4803    0.6337    0.8439
    0.2740    0.3889    0.5477    0.7618
    0.1810    0.3049    0.4687    0.6857
    0.1027    0.2319    0.3978    0.6160
    0.0497    0.1719    0.3356    0.5528
    0.0220    0.1254    0.2823    0.4962
    0.0096    0.0909    0.2373    0.4458


val(:,:,9,10) =

    0.3807    0.4989    0.6645    0.8911
    0.2825    0.4067    0.5774    0.8077
    0.1889    0.3215    0.4969    0.7299
    0.1090    0.2466    0.4240    0.6582
    0.0537    0.1844    0.3597    0.5929
    0.0240    0.1355    0.3039    0.5339
    0.0105    0.0987    0.2565    0.4811


val(:,:,10,10) =

    0.3894    0.5177    0.6962    0.9401
    0.2910    0.4250    0.6081    0.8555
    0.1970    0.3387    0.5261    0.7761
    0.1155    0.2620    0.4514    0.7025
    0.0579    0.1975    0.3849    0.6351
    0.0262    0.1462    0.3268    0.5738
    0.0116    0.1072    0.2770    0.5186

