
val(:,:,1,1) =

    0.0063    0.0250    0.0569    0.1043
    0.0063    0.0255    0.0642    0.1315
    0.0067    0.0465    0.1372    0.2585
    0.0982    0.2030    0.3151    0.4348
    0.0014    0.0489    0.1627    0.3040
    0.0000    0.0041    0.0390    0.1228
    0.0000    0.0003    0.0084    0.0431


val(:,:,2,1) =

    0.0063    0.0255    0.0581    0.1061
    0.0063    0.0257    0.0626    0.1232
    0.0066    0.0389    0.1112    0.2134
    0.0901    0.1886    0.2962    0.4136
    0.0023    0.0740    0.2245    0.3902
    0.0000    0.0067    0.0616    0.1847
    0.0000    0.0006    0.0139    0.0689


val(:,:,3,1) =

    0.0064    0.0259    0.0594    0.1087
    0.0064    0.0260    0.0621    0.1192
    0.0065    0.0342    0.0936    0.1800
    0.0748    0.1595    0.2551    0.3625
    0.0039    0.1077    0.2870    0.4557
    0.0000    0.0110    0.0951    0.2660
    0.0000    0.0010    0.0226    0.1080


val(:,:,4,1) =

    0.0064    0.0263    0.0608    0.1117
    0.0064    0.0264    0.0624    0.1181
    0.0065    0.0314    0.0823    0.1577
    0.0575    0.1263    0.2076    0.3027
    0.0063    0.1480    0.3330    0.4782
    0.0000    0.0178    0.1423    0.3606
    0.0000    0.0016    0.0365    0.1650


val(:,:,5,1) =

    0.0065    0.0267    0.0623    0.1150
    0.0065    0.0268    0.0632    0.1189
    0.0065    0.0298    0.0756    0.1441
    0.0423    0.0969    0.1653    0.2494
    0.0101    0.1881    0.3463    0.4531
    0.0000    0.0285    0.2034    0.4508
    0.0000    0.0027    0.0580    0.2430


val(:,:,6,1) =

    0.0065    0.0271    0.0638    0.1186
    0.0065    0.0272    0.0643    0.1209
    0.0065    0.0290    0.0719    0.1366
    0.0305    0.0741    0.1328    0.2087
    0.0161    0.2167    0.3238    0.3961
    0.0001    0.0448    0.2729    0.5101
    0.0000    0.0045    0.0902    0.3401


val(:,:,7,1) =

    0.0066    0.0276    0.0653    0.1223
    0.0066    0.0276    0.0656    0.1238
    0.0066    0.0287    0.0703    0.1334
    0.0221    0.0580    0.1101    0.1808
    0.0249    0.2229    0.2777    0.3303
    0.0001    0.0686    0.3364    0.5185
    0.0000    0.0074    0.1365    0.4433


val(:,:,8,1) =

    0.0066    0.0280    0.0669    0.1263
    0.0066    0.0280    0.0671    0.1271
    0.0066    0.0287    0.0699    0.1330
    0.0164    0.0473    0.0953    0.1634
    0.0376    0.2052    0.2255    0.2721
    0.0002    0.1016    0.3740    0.4781
    0.0000    0.0121    0.1983    0.5275


val(:,:,9,1) =

    0.0067    0.0285    0.0685    0.1304
    0.0067    0.0285    0.0686    0.1309
    0.0067    0.0289    0.0703    0.1344
    0.0128    0.0405    0.0862    0.1535
    0.0545    0.1724    0.1796    0.2280
    0.0004    0.1433    0.3722    0.4105
    0.0000    0.0196    0.2720    0.5647


val(:,:,10,1) =

    0.0067    0.0290    0.0702    0.1346
    0.0067    0.0290    0.0703    0.1349
    0.0067    0.0292    0.0713    0.1371
    0.0105    0.0363    0.0811    0.1488
    0.0743    0.1360    0.1444    0.1979
    0.0006    0.1884    0.3351    0.3399
    0.0000    0.0313    0.3450    0.5446


val(:,:,1,2) =

    0.0097    0.0394    0.0945    0.1833
    0.0098    0.0455    0.1261    0.2493
    0.0145    0.0988    0.2294    0.3783
    0.1003    0.2115    0.3347    0.4714
    0.0108    0.1102    0.2532    0.4083
    0.0004    0.0281    0.1248    0.2703
    0.0000    0.0065    0.0537    0.1584


val(:,:,2,2) =

    0.0098    0.0400    0.0950    0.1820
    0.0098    0.0444    0.1188    0.2336
    0.0133    0.0860    0.2052    0.3489
    0.0973    0.2073    0.3315    0.4716
    0.0145    0.1364    0.2956    0.4609
    0.0005    0.0377    0.1602    0.3336
    0.0000    0.0089    0.0718    0.2055


val(:,:,3,2) =

    0.0099    0.0405    0.0960    0.1824
    0.0099    0.0437    0.1137    0.2222
    0.0124    0.0757    0.1837    0.3201
    0.0903    0.1950    0.3161    0.4556
    0.0194    0.1640    0.3320    0.4994
    0.0007    0.0502    0.2016    0.4001
    0.0000    0.0122    0.0952    0.2622


val(:,:,4,2) =

    0.0100    0.0411    0.0973    0.1843
    0.0100    0.0435    0.1105    0.2144
    0.0118    0.0676    0.1657    0.2947
    0.0806    0.1773    0.2925    0.4287
    0.0257    0.1907    0.3575    0.5190
    0.0010    0.0661    0.2476    0.4638
    0.0000    0.0167    0.1246    0.3275


val(:,:,5,2) =

    0.0101    0.0418    0.0990    0.1873
    0.0101    0.0434    0.1087    0.2099
    0.0114    0.0616    0.1514    0.2738
    0.0698    0.1572    0.2650    0.3965
    0.0335    0.2131    0.3684    0.5183
    0.0014    0.0858    0.2951    0.5173
    0.0001    0.0227    0.1609    0.3985


val(:,:,6,2) =

    0.0101    0.0424    0.1009    0.1912
    0.0101    0.0436    0.1080    0.2080
    0.0111    0.0571    0.1406    0.2579
    0.0590    0.1370    0.2374    0.3640
    0.0432    0.2278    0.3640    0.5002
    0.0019    0.1096    0.3394    0.5536
    0.0001    0.0307    0.2038    0.4699


val(:,:,7,2) =

    0.0102    0.0431    0.1030    0.1958
    0.0102    0.0439    0.1082    0.2083
    0.0109    0.0539    0.1328    0.2465
    0.0492    0.1187    0.2123    0.3346
    0.0545    0.2327    0.3464    0.4702
    0.0026    0.1370    0.3750    0.5682
    0.0001    0.0412    0.2523    0.5343


val(:,:,8,2) =

    0.0103    0.0438    0.1052    0.2010
    0.0103    0.0444    0.1090    0.2102
    0.0108    0.0517    0.1274    0.2391
    0.0408    0.1029    0.1908    0.3100
    0.0673    0.2272    0.3201    0.4346
    0.0036    0.1668    0.3968    0.5613
    0.0001    0.0549    0.3037    0.5834


val(:,:,9,2) =

    0.0104    0.0445    0.1076    0.2067
    0.0104    0.0449    0.1104    0.2134
    0.0107    0.0502    0.1240    0.2351
    0.0338    0.0899    0.1735    0.2908
    0.0805    0.2131    0.2898    0.3990
    0.0049    0.1967    0.4019    0.5369
    0.0002    0.0722    0.3534    0.6109


val(:,:,10,2) =

    0.0105    0.0452    0.1101    0.2129
    0.0105    0.0455    0.1121    0.2178
    0.0107    0.0494    0.1221    0.2339
    0.0282    0.0797    0.1602    0.2768
    0.0930    0.1932    0.2595    0.3668
    0.0068    0.2235    0.3909    0.5016
    0.0003    0.0937    0.3956    0.6144


val(:,:,1,3) =

    0.0132    0.0558    0.1413    0.2749
    0.0136    0.0728    0.1928    0.3543
    0.0267    0.1414    0.2894    0.4559
    0.1023    0.2200    0.3553    0.5113
    0.0261    0.1532    0.3066    0.4751
    0.0025    0.0656    0.2046    0.3802
    0.0002    0.0247    0.1213    0.2790


val(:,:,2,3) =

    0.0133    0.0561    0.1402    0.2716
    0.0136    0.0699    0.1834    0.3412
    0.0242    0.1294    0.2735    0.4421
    0.1011    0.2193    0.3577    0.5196
    0.0319    0.1743    0.3369    0.5136
    0.0032    0.0798    0.2394    0.4332
    0.0003    0.0308    0.1471    0.3297


val(:,:,3,3) =

    0.0134    0.0565    0.1400    0.2702
    0.0137    0.0676    0.1758    0.3301
    0.0222    0.1184    0.2573    0.4259
    0.0974    0.2139    0.3530    0.5186
    0.0386    0.1947    0.3622    0.5435
    0.0041    0.0962    0.2761    0.4847
    0.0004    0.0383    0.1769    0.3844


val(:,:,4,3) =

    0.0135    0.0571    0.1404    0.2706
    0.0137    0.0660    0.1699    0.3213
    0.0206    0.1088    0.2418    0.4092
    0.0918    0.2046    0.3424    0.5099
    0.0463    0.2130    0.3807    0.5630
    0.0051    0.1149    0.3130    0.5317
    0.0005    0.0474    0.2104    0.4416


val(:,:,5,3) =

    0.0137    0.0577    0.1414    0.2724
    0.0138    0.0648    0.1656    0.3148
    0.0193    0.1005    0.2277    0.3933
    0.0848    0.1925    0.3276    0.4957
    0.0549    0.2277    0.3912    0.5717
    0.0065    0.1356    0.3482    0.5711
    0.0007    0.0584    0.2473    0.4985


val(:,:,6,3) =

    0.0138    0.0584    0.1430    0.2757
    0.0139    0.0641    0.1626    0.3108
    0.0182    0.0935    0.2154    0.3793
    0.0771    0.1788    0.3104    0.4783
    0.0643    0.2376    0.3933    0.5702
    0.0081    0.1579    0.3793    0.6005
    0.0008    0.0715    0.2866    0.5522


val(:,:,7,3) =

    0.0139    0.0592    0.1449    0.2801
    0.0140    0.0637    0.1608    0.3089
    0.0174    0.0878    0.2052    0.3676
    0.0692    0.1647    0.2923    0.4597
    0.0741    0.2421    0.3877    0.5604
    0.0102    0.1810    0.4042    0.6183
    0.0011    0.0870    0.3267    0.5993


val(:,:,8,3) =

    0.0140    0.0600    0.1473    0.2855
    0.0141    0.0636    0.1600    0.3090
    0.0168    0.0832    0.1969    0.3586
    0.0616    0.1508    0.2747    0.4416
    0.0840    0.2409    0.3758    0.5445
    0.0127    0.2037    0.4210    0.6243
    0.0014    0.1048    0.3656    0.6366


val(:,:,9,3) =

    0.0141    0.0609    0.1499    0.2919
    0.0142    0.0637    0.1601    0.3109
    0.0163    0.0795    0.1905    0.3523
    0.0544    0.1380    0.2584    0.4254
    0.0934    0.2346    0.3593    0.5252
    0.0158    0.2247    0.4288    0.6197
    0.0017    0.1251    0.4010    0.6621


val(:,:,10,3) =

    0.0142    0.0618    0.1528    0.2990
    0.0143    0.0640    0.1609    0.3144
    0.0160    0.0768    0.1858    0.3486
    0.0480    0.1265    0.2440    0.4117
    0.1016    0.2240    0.3403    0.5048
    0.0196    0.2425    0.4276    0.6067
    0.0022    0.1476    0.4303    0.6747


val(:,:,1,4) =

    0.0168    0.0751    0.1929    0.3663
    0.0183    0.1031    0.2527    0.4427
    0.0403    0.1727    0.3332    0.5194
    0.1043    0.2287    0.3774    0.5556
    0.0420    0.1827    0.3455    0.5323
    0.0076    0.1037    0.2681    0.4657
    0.0013    0.0519    0.1897    0.3837


val(:,:,2,4) =

    0.0169    0.0749    0.1909    0.3641
    0.0182    0.0989    0.2445    0.4356
    0.0371    0.1634    0.3243    0.5163
    0.1038    0.2298    0.3827    0.5684
    0.0484    0.1994    0.3692    0.5646
    0.0091    0.1193    0.2990    0.5105
    0.0015    0.0611    0.2177    0.4316


val(:,:,3,4) =

    0.0170    0.0750    0.1898    0.3633
    0.0181    0.0955    0.2372    0.4290
    0.0342    0.1541    0.3142    0.5106
    0.1018    0.2278    0.3834    0.5755
    0.0554    0.2150    0.3893    0.5914
    0.0108    0.1361    0.3300    0.5531
    0.0019    0.0718    0.2480    0.4807


val(:,:,4,4) =

    0.0172    0.0752    0.1894    0.3639
    0.0180    0.0927    0.2311    0.4234
    0.0317    0.1453    0.3035    0.5032
    0.0984    0.2230    0.3800    0.5773
    0.0628    0.2286    0.4050    0.6118
    0.0129    0.1540    0.3599    0.5918
    0.0023    0.0839    0.2801    0.5298


val(:,:,5,4) =

    0.0173    0.0756    0.1898    0.3660
    0.0180    0.0904    0.2260    0.4192
    0.0296    0.1372    0.2930    0.4952
    0.0939    0.2160    0.3733    0.5749
    0.0707    0.2396    0.4156    0.6257
    0.0154    0.1727    0.3877    0.6254
    0.0027    0.0976    0.3134    0.5773


val(:,:,6,4) =

    0.0174    0.0762    0.1908    0.3694
    0.0180    0.0887    0.2221    0.4164
    0.0278    0.1298    0.2830    0.4874
    0.0885    0.2073    0.3641    0.5692
    0.0787    0.2474    0.4211    0.6332
    0.0182    0.1917    0.4121    0.6526
    0.0033    0.1129    0.3471    0.6214


val(:,:,7,4) =

    0.0176    0.0769    0.1923    0.3740
    0.0181    0.0874    0.2193    0.4152
    0.0263    0.1233    0.2739    0.4803
    0.0827    0.1975    0.3532    0.5615
    0.0866    0.2518    0.4216    0.6351
    0.0216    0.2104    0.4322    0.6728
    0.0040    0.1297    0.3800    0.6607


val(:,:,8,4) =

    0.0177    0.0776    0.1944    0.3799
    0.0181    0.0865    0.2175    0.4157
    0.0250    0.1175    0.2659    0.4745
    0.0766    0.1871    0.3415    0.5527
    0.0942    0.2527    0.4177    0.6322
    0.0254    0.2280    0.4471    0.6858
    0.0048    0.1480    0.4109    0.6936


val(:,:,9,4) =

    0.0178    0.0785    0.1969    0.3869
    0.0182    0.0859    0.2166    0.4178
    0.0240    0.1127    0.2592    0.4703
    0.0705    0.1767    0.3297    0.5439
    0.1010    0.2502    0.4101    0.6258
    0.0299    0.2437    0.4565    0.6920
    0.0058    0.1675    0.4386    0.7192


val(:,:,10,4) =

    0.0180    0.0795    0.1999    0.3949
    0.0183    0.0857    0.2166    0.4215
    0.0231    0.1086    0.2537    0.4678
    0.0646    0.1667    0.3184    0.5357
    0.1067    0.2447    0.3999    0.6172
    0.0350    0.2569    0.4602    0.6923
    0.0069    0.1878    0.4620    0.7370


val(:,:,1,5) =

    0.0205    0.0968    0.2450    0.4541
    0.0242    0.1324    0.3048    0.5215
    0.0531    0.1966    0.3700    0.5798
    0.1063    0.2380    0.4014    0.6052
    0.0559    0.2047    0.3790    0.5891
    0.0151    0.1376    0.3199    0.5405
    0.0037    0.0825    0.2518    0.4755


val(:,:,2,5) =

    0.0206    0.0962    0.2431    0.4549
    0.0238    0.1280    0.2991    0.5207
    0.0496    0.1899    0.3662    0.5842
    0.1063    0.2400    0.4085    0.6214
    0.0621    0.2183    0.3991    0.6187
    0.0174    0.1527    0.3471    0.5802
    0.0043    0.0937    0.2793    0.5198


val(:,:,3,5) =

    0.0207    0.0958    0.2420    0.4565
    0.0235    0.1242    0.2938    0.5198
    0.0464    0.1829    0.3611    0.5864
    0.1051    0.2399    0.4125    0.6337
    0.0686    0.2308    0.4166    0.6447
    0.0200    0.1685    0.3738    0.6179
    0.0050    0.1060    0.3080    0.5643


val(:,:,4,5) =

    0.0209    0.0957    0.2415    0.4592
    0.0232    0.1208    0.2890    0.5191
    0.0435    0.1759    0.3551    0.5869
    0.1030    0.2378    0.4136    0.6425
    0.0753    0.2418    0.4310    0.6666
    0.0230    0.1847    0.3991    0.6527
    0.0059    0.1194    0.3373    0.6080


val(:,:,5,5) =

    0.0210    0.0958    0.2417    0.4630
    0.0230    0.1179    0.2849    0.5189
    0.0409    0.1690    0.3486    0.5864
    0.1000    0.2340    0.4121    0.6481
    0.0821    0.2508    0.4421    0.6842
    0.0264    0.2010    0.4225    0.6839
    0.0068    0.1340    0.3669    0.6500


val(:,:,6,5) =

    0.0212    0.0960    0.2425    0.4680
    0.0229    0.1156    0.2815    0.5197
    0.0386    0.1624    0.3421    0.5854
    0.0963    0.2287    0.4086    0.6511
    0.0887    0.2576    0.4496    0.6976
    0.0301    0.2170    0.4434    0.7109
    0.0079    0.1495    0.3960    0.6893


val(:,:,7,5) =

    0.0213    0.0965    0.2439    0.4741
    0.0228    0.1136    0.2789    0.5214
    0.0366    0.1562    0.3357    0.5844
    0.0920    0.2223    0.4034    0.6521
    0.0951    0.2620    0.4538    0.7070
    0.0343    0.2323    0.4612    0.7334
    0.0092    0.1660    0.4240    0.7251


val(:,:,8,5) =

    0.0215    0.0971    0.2459    0.4814
    0.0227    0.1121    0.2771    0.5243
    0.0348    0.1506    0.3298    0.5838
    0.0874    0.2151    0.3970    0.6518
    0.1010    0.2641    0.4549    0.7131
    0.0390    0.2466    0.4755    0.7512
    0.0107    0.1831    0.4501    0.7566


val(:,:,9,5) =

    0.0216    0.0978    0.2484    0.4898
    0.0227    0.1109    0.2762    0.5285
    0.0332    0.1455    0.3245    0.5840
    0.0825    0.2075    0.3900    0.6508
    0.1062    0.2638    0.4532    0.7163
    0.0441    0.2592    0.4860    0.7645
    0.0124    0.2007    0.4736    0.7834


val(:,:,10,5) =

    0.0218    0.0987    0.2515    0.4993
    0.0227    0.1101    0.2760    0.5340
    0.0318    0.1410    0.3199    0.5852
    0.0776    0.1996    0.3827    0.6496
    0.1106    0.2613    0.4491    0.7173
    0.0497    0.2699    0.4928    0.7737
    0.0143    0.2183    0.4940    0.8051


val(:,:,1,6) =

    0.0245    0.1198    0.2957    0.5395
    0.0309    0.1594    0.3514    0.5972
    0.0642    0.2162    0.4041    0.6425
    0.1084    0.2477    0.4275    0.6612
    0.0674    0.2226    0.4109    0.6493
    0.0242    0.1666    0.3650    0.6127
    0.0077    0.1132    0.3073    0.5609


val(:,:,2,6) =

    0.0246    0.1189    0.2947    0.5441
    0.0303    0.1554    0.3485    0.6021
    0.0608    0.2117    0.4041    0.6525
    0.1086    0.2504    0.4359    0.6802
    0.0732    0.2342    0.4291    0.6782
    0.0271    0.1808    0.3894    0.6495
    0.0088    0.1252    0.3335    0.6025


val(:,:,3,6) =

    0.0247    0.1182    0.2942    0.5493
    0.0297    0.1517    0.3456    0.6067
    0.0577    0.2067    0.4029    0.6608
    0.1080    0.2515    0.4422    0.6966
    0.0790    0.2448    0.4452    0.7046
    0.0304    0.1952    0.4131    0.6849
    0.0099    0.1381    0.3602    0.6439


val(:,:,4,6) =

    0.0248    0.1178    0.2943    0.5552
    0.0293    0.1484    0.3430    0.6112
    0.0547    0.2015    0.4008    0.6678
    0.1067    0.2511    0.4464    0.7105
    0.0849    0.2541    0.4592    0.7282
    0.0340    0.2096    0.4355    0.7181
    0.0113    0.1517    0.3871    0.6845


val(:,:,5,6) =

    0.0250    0.1176    0.2950    0.5620
    0.0289    0.1454    0.3406    0.6159
    0.0519    0.1962    0.3981    0.6738
    0.1047    0.2494    0.4486    0.7222
    0.0906    0.2619    0.4708    0.7490
    0.0379    0.2238    0.4564    0.7488
    0.0128    0.1660    0.4137    0.7237


val(:,:,6,6) =

    0.0251    0.1176    0.2962    0.5697
    0.0285    0.1428    0.3387    0.6211
    0.0494    0.1909    0.3949    0.6792
    0.1020    0.2466    0.4492    0.7319
    0.0962    0.2682    0.4800    0.7669
    0.0422    0.2376    0.4754    0.7767
    0.0145    0.1810    0.4396    0.7608


val(:,:,7,6) =

    0.0253    0.1179    0.2980    0.5783
    0.0283    0.1406    0.3373    0.6269
    0.0471    0.1857    0.3917    0.6842
    0.0989    0.2427    0.4483    0.7400
    0.1014    0.2727    0.4867    0.7821
    0.0468    0.2506    0.4921    0.8015
    0.0164    0.1963    0.4644    0.7955


val(:,:,8,6) =

    0.0254    0.1183    0.3003    0.5880
    0.0281    0.1388    0.3365    0.6335
    0.0450    0.1808    0.3885    0.6894
    0.0954    0.2380    0.4463    0.7469
    0.1061    0.2756    0.4912    0.7949
    0.0518    0.2626    0.5063    0.8233
    0.0185    0.2119    0.4876    0.8272


val(:,:,9,6) =

    0.0256    0.1189    0.3031    0.5987
    0.0279    0.1373    0.3362    0.6411
    0.0431    0.1762    0.3855    0.6948
    0.0916    0.2327    0.4435    0.7531
    0.1103    0.2767    0.4935    0.8055
    0.0571    0.2733    0.5179    0.8419
    0.0208    0.2275    0.5089    0.8557


val(:,:,10,6) =

    0.0258    0.1196    0.3065    0.6105
    0.0278    0.1361    0.3366    0.6497
    0.0413    0.1719    0.3829    0.7009
    0.0876    0.2270    0.4401    0.7588
    0.1138    0.2762    0.4941    0.8144
    0.0627    0.2825    0.5269    0.8577
    0.0235    0.2429    0.5277    0.8809


val(:,:,1,7) =

    0.0288    0.1431    0.3447    0.6254
    0.0383    0.1839    0.3950    0.6743
    0.0736    0.2333    0.4379    0.7102
    0.1105    0.2579    0.4560    0.7245
    0.0769    0.2385    0.4433    0.7155
    0.0338    0.1917    0.4068    0.6869
    0.0131    0.1421    0.3583    0.6452


val(:,:,2,7) =

    0.0289    0.1421    0.3451    0.6342
    0.0374    0.1806    0.3948    0.6843
    0.0706    0.2305    0.4408    0.7249
    0.1109    0.2611    0.4656    0.7462
    0.0821    0.2486    0.4603    0.7448
    0.0372    0.2048    0.4292    0.7226
    0.0146    0.1543    0.3831    0.6853


val(:,:,3,7) =

    0.0290    0.1413    0.3459    0.6434
    0.0367    0.1774    0.3944    0.6941
    0.0677    0.2273    0.4428    0.7383
    0.1107    0.2631    0.4736    0.7662
    0.0873    0.2579    0.4759    0.7723
    0.0409    0.2179    0.4510    0.7572
    0.0163    0.1672    0.4081    0.7251


val(:,:,4,7) =

    0.0291    0.1408    0.3471    0.6531
    0.0360    0.1745    0.3940    0.7037
    0.0648    0.2237    0.4439    0.7508
    0.1099    0.2640    0.4801    0.7844
    0.0924    0.2662    0.4899    0.7980
    0.0448    0.2308    0.4717    0.7903
    0.0181    0.1805    0.4330    0.7643


val(:,:,5,7) =

    0.0292    0.1405    0.3487    0.6636
    0.0354    0.1718    0.3938    0.7134
    0.0621    0.2199    0.4443    0.7625
    0.1085    0.2638    0.4851    0.8011
    0.0973    0.2734    0.5022    0.8218
    0.0490    0.2434    0.4912    0.8217
    0.0201    0.1942    0.4575    0.8023


val(:,:,6,7) =

    0.0293    0.1404    0.3508    0.6747
    0.0349    0.1694    0.3938    0.7233
    0.0596    0.2159    0.4443    0.7737
    0.1067    0.2626    0.4888    0.8165
    0.1020    0.2794    0.5127    0.8437
    0.0535    0.2555    0.5092    0.8512
    0.0223    0.2082    0.4813    0.8390


val(:,:,7,7) =

    0.0294    0.1405    0.3533    0.6868
    0.0344    0.1673    0.3941    0.7338
    0.0572    0.2120    0.4440    0.7845
    0.1044    0.2606    0.4913    0.8306
    0.1064    0.2841    0.5214    0.8637
    0.0583    0.2669    0.5255    0.8786
    0.0247    0.2223    0.5041    0.8739


val(:,:,8,7) =

    0.0296    0.1408    0.3564    0.6997
    0.0341    0.1655    0.3947    0.7448
    0.0550    0.2080    0.4436    0.7954
    0.1018    0.2578    0.4928    0.8438
    0.1103    0.2874    0.5284    0.8820
    0.0632    0.2774    0.5400    0.9039
    0.0274    0.2365    0.5257    0.9069


val(:,:,9,7) =

    0.0297    0.1413    0.3599    0.7136
    0.0338    0.1640    0.3959    0.7566
    0.0529    0.2043    0.4432    0.8063
    0.0988    0.2545    0.4936    0.8563
    0.1138    0.2895    0.5339    0.8988
    0.0684    0.2869    0.5527    0.9271
    0.0303    0.2505    0.5457    0.9377


val(:,:,10,7) =

    0.0299    0.1419    0.3639    0.7286
    0.0335    0.1627    0.3975    0.7692
    0.0510    0.2007    0.4430    0.8177
    0.0957    0.2507    0.4938    0.8685
    0.1167    0.2904    0.5378    0.9143
    0.0738    0.2953    0.5633    0.9484
    0.0334    0.2641    0.5640    0.9662


val(:,:,1,8) =

    0.0336    0.1662    0.3927    0.7148
    0.0459    0.2063    0.4374    0.7562
    0.0817    0.2490    0.4728    0.7853
    0.1127    0.2688    0.4871    0.7966
    0.0848    0.2533    0.4771    0.7895
    0.0434    0.2141    0.4476    0.7667
    0.0196    0.1690    0.4066    0.7325


val(:,:,2,8) =

    0.0336    0.1653    0.3947    0.7279
    0.0449    0.2038    0.4396    0.7710
    0.0790    0.2476    0.4781    0.8042
    0.1132    0.2723    0.4978    0.8211
    0.0895    0.2624    0.4937    0.8200
    0.0471    0.2261    0.4687    0.8024
    0.0215    0.1811    0.4303    0.7722


val(:,:,3,8) =

    0.0336    0.1646    0.3971    0.7413
    0.0440    0.2014    0.4416    0.7856
    0.0764    0.2458    0.4826    0.8222
    0.1132    0.2750    0.5074    0.8445
    0.0940    0.2709    0.5092    0.8493
    0.0510    0.2381    0.4893    0.8374
    0.0236    0.1935    0.4541    0.8116


val(:,:,4,8) =

    0.0336    0.1641    0.3997    0.7553
    0.0431    0.1991    0.4436    0.8001
    0.0738    0.2436    0.4864    0.8396
    0.1128    0.2768    0.5157    0.8667
    0.0985    0.2786    0.5235    0.8775
    0.0550    0.2498    0.5091    0.8714
    0.0258    0.2063    0.4776    0.8506


val(:,:,5,8) =

    0.0337    0.1638    0.4026    0.7698
    0.0424    0.1969    0.4455    0.8148
    0.0713    0.2412    0.4896    0.8565
    0.1119    0.2777    0.5230    0.8879
    0.1028    0.2853    0.5365    0.9043
    0.0593    0.2612    0.5278    0.9042
    0.0283    0.2192    0.5007    0.8889


val(:,:,6,8) =

    0.0338    0.1637    0.4060    0.7850
    0.0417    0.1950    0.4476    0.8297
    0.0689    0.2385    0.4924    0.8731
    0.1106    0.2778    0.5292    0.9082
    0.1068    0.2912    0.5483    0.9300
    0.0638    0.2721    0.5455    0.9359
    0.0309    0.2323    0.5232    0.9263


val(:,:,7,8) =

    0.0339    0.1638    0.4097    0.8010
    0.0411    0.1932    0.4499    0.8450
    0.0666    0.2357    0.4949    0.8894
    0.1090    0.2772    0.5345    0.9278
    0.1106    0.2960    0.5587    0.9544
    0.0685    0.2824    0.5619    0.9662
    0.0337    0.2454    0.5449    0.9625


val(:,:,8,8) =

    0.0340    0.1641    0.4138    0.8179
    0.0406    0.1916    0.4523    0.8608
    0.0644    0.2329    0.4971    0.9058
    0.1070    0.2760    0.5390    0.9467
    0.1140    0.2999    0.5678    0.9777
    0.0733    0.2919    0.5769    0.9951
    0.0368    0.2583    0.5656    0.9974


val(:,:,9,8) =

    0.0341    0.1646    0.4184    0.8357
    0.0401    0.1903    0.4552    0.8773
    0.0623    0.2301    0.4993    0.9224
    0.1047    0.2743    0.5428    0.9651
    0.1169    0.3027    0.5757    1.0000
    0.0782    0.3006    0.5906    1.0226
    0.0401    0.2710    0.5851    1.0310


val(:,:,10,8) =

    0.0343    0.1653    0.4234    0.8545
    0.0397    0.1892    0.4583    0.8946
    0.0603    0.2274    0.5015    0.9393
    0.1023    0.2720    0.5460    0.9834
    0.1195    0.3046    0.5825    1.0214
    0.0833    0.3084    0.6028    1.0489
    0.0436    0.2833    0.6033    1.0630


val(:,:,1,9) =

    0.0387    0.1888    0.4406    0.8106
    0.0535    0.2271    0.4801    0.8460
    0.0886    0.2641    0.5097    0.8699
    0.1149    0.2802    0.5213    0.8791
    0.0915    0.2676    0.5132    0.8733
    0.0527    0.2345    0.4889    0.8547
    0.0268    0.1940    0.4541    0.8263


val(:,:,2,9) =

    0.0386    0.1882    0.4444    0.8281
    0.0524    0.2254    0.4846    0.8653
    0.0864    0.2638    0.5170    0.8928
    0.1155    0.2842    0.5331    0.9066
    0.0957    0.2761    0.5298    0.9057
    0.0564    0.2457    0.5093    0.8914
    0.0291    0.2058    0.4770    0.8665


val(:,:,3,9) =

    0.0386    0.1877    0.4484    0.8460
    0.0514    0.2238    0.4888    0.8846
    0.0841    0.2632    0.5237    0.9153
    0.1157    0.2873    0.5440    0.9334
    0.0998    0.2840    0.5455    0.9373
    0.0603    0.2568    0.5293    0.9276
    0.0315    0.2178    0.4999    0.9066


val(:,:,4,9) =

    0.0386    0.1874    0.4527    0.8644
    0.0504    0.2222    0.4930    0.9040
    0.0818    0.2622    0.5298    0.9374
    0.1155    0.2898    0.5540    0.9596
    0.1037    0.2913    0.5603    0.9683
    0.0644    0.2676    0.5486    0.9634
    0.0341    0.2299    0.5226    0.9465


val(:,:,5,9) =

    0.0386    0.1873    0.4572    0.8834
    0.0496    0.2207    0.4971    0.9236
    0.0795    0.2609    0.5355    0.9592
    0.1150    0.2916    0.5632    0.9852
    0.1075    0.2978    0.5742    0.9985
    0.0687    0.2780    0.5672    0.9984
    0.0368    0.2421    0.5449    0.9860


val(:,:,6,9) =

    0.0386    0.1873    0.4620    0.9031
    0.0488    0.2194    0.5013    0.9435
    0.0773    0.2594    0.5408    0.9810
    0.1142    0.2928    0.5716    1.0103
    0.1110    0.3036    0.5871    1.0280
    0.0730    0.2881    0.5849    1.0327
    0.0398    0.2544    0.5667    1.0250


val(:,:,7,9) =

    0.0387    0.1875    0.4672    0.9235
    0.0481    0.2181    0.5056    0.9639
    0.0752    0.2578    0.5457    1.0027
    0.1130    0.2933    0.5793    1.0349
    0.1143    0.3087    0.5990    1.0568
    0.0775    0.2976    0.6017    1.0663
    0.0429    0.2665    0.5879    1.0633


val(:,:,8,9) =

    0.0387    0.1879    0.4727    0.9448
    0.0474    0.2170    0.5101    0.9848
    0.0731    0.2560    0.5505    1.0246
    0.1115    0.2933    0.5863    1.0593
    0.1173    0.3129    0.6100    1.0849
    0.0821    0.3065    0.6174    1.0990
    0.0462    0.2785    0.6082    1.1009


val(:,:,9,9) =

    0.0388    0.1885    0.4786    0.9671
    0.0468    0.2160    0.5148    1.0064
    0.0711    0.2542    0.5552    1.0467
    0.1098    0.2929    0.5928    1.0834
    0.1199    0.3163    0.6201    1.1124
    0.0867    0.3147    0.6322    1.1309
    0.0497    0.2902    0.6277    1.1377


val(:,:,10,9) =

    0.0390    0.1893    0.4849    0.9903
    0.0463    0.2152    0.5198    1.0288
    0.0692    0.2524    0.5599    1.0693
    0.1079    0.2920    0.5988    1.1076
    0.1222    0.3190    0.6293    1.1395
    0.0914    0.3221    0.6458    1.1621
    0.0534    0.3016    0.6462    1.1735


val(:,:,1,10) =

    0.0441    0.2109    0.4894    0.9160
    0.0610    0.2468    0.5243    0.9463
    0.0947    0.2789    0.5493    0.9663
    0.1172    0.2924    0.5589    0.9739
    0.0973    0.2819    0.5522    0.9692
    0.0613    0.2536    0.5318    0.9537
    0.0344    0.2176    0.5021    0.9298


val(:,:,2,10) =

    0.0440    0.2106    0.4951    0.9380
    0.0598    0.2460    0.5308    0.9702
    0.0928    0.2796    0.5584    0.9933
    0.1178    0.2966    0.5718    1.0047
    0.1011    0.2900    0.5690    1.0040
    0.0651    0.2642    0.5520    0.9922
    0.0369    0.2289    0.5246    0.9713


val(:,:,3,10) =

    0.0439    0.2105    0.5009    0.9605
    0.0587    0.2452    0.5372    0.9943
    0.0908    0.2800    0.5671    1.0202
    0.1182    0.3003    0.5840    1.0353
    0.1048    0.2975    0.5852    1.0385
    0.0690    0.2746    0.5718    1.0305
    0.0396    0.2404    0.5470    1.0130


val(:,:,4,10) =

    0.0438    0.2105    0.5068    0.9836
    0.0577    0.2444    0.5435    1.0186
    0.0889    0.2800    0.5753    1.0470
    0.1183    0.3033    0.5956    1.0656
    0.1083    0.3046    0.6008    1.0727
    0.0730    0.2847    0.5911    1.0687
    0.0424    0.2520    0.5693    1.0547


val(:,:,5,10) =

    0.0437    0.2106    0.5130    1.0074
    0.0568    0.2435    0.5497    1.0432
    0.0869    0.2798    0.5832    1.0738
    0.1180    0.3059    0.6065    1.0956
    0.1117    0.3110    0.6156    1.1066
    0.0771    0.2945    0.6098    1.1066
    0.0454    0.2636    0.5912    1.0963


val(:,:,6,10) =

    0.0437    0.2109    0.5195    1.0319
    0.0559    0.2428    0.5560    1.0683
    0.0849    0.2793    0.5908    1.1008
    0.1175    0.3078    0.6169    1.1255
    0.1149    0.3169    0.6298    1.1402
    0.0813    0.3039    0.6279    1.1441
    0.0485    0.2751    0.6128    1.1377


val(:,:,7,10) =

    0.0437    0.2114    0.5263    1.0573
    0.0551    0.2421    0.5624    1.0940
    0.0830    0.2787    0.5981    1.1279
    0.1167    0.3093    0.6267    1.1553
    0.1178    0.3221    0.6432    1.1735
    0.0855    0.3129    0.6453    1.1814
    0.0519    0.2866    0.6339    1.1789


val(:,:,8,10) =

    0.0438    0.2120    0.5334    1.0836
    0.0544    0.2415    0.5689    1.1203
    0.0811    0.2779    0.6052    1.1554
    0.1156    0.3103    0.6360    1.1851
    0.1204    0.3267    0.6558    1.2066
    0.0898    0.3213    0.6620    1.2182
    0.0553    0.2978    0.6544    1.2198


val(:,:,9,10) =

    0.0438    0.2128    0.5408    1.1108
    0.0538    0.2411    0.5756    1.1474
    0.0792    0.2770    0.6123    1.1833
    0.1143    0.3109    0.6449    1.2150
    0.1228    0.3306    0.6678    1.2394
    0.0942    0.3292    0.6778    1.2548
    0.0590    0.3088    0.6742    1.2603


val(:,:,10,10) =

    0.0439    0.2137    0.5486    1.1391
    0.0532    0.2408    0.5826    1.1753
    0.0774    0.2761    0.6194    1.2118
    0.1128    0.3112    0.6534    1.2451
    0.1249    0.3339    0.6792    1.2722
    0.0985    0.3365    0.6929    1.2910
    0.0627    0.3194    0.6933    1.3005

