
val(:,:,1,1) =

    1.0003    1.0012    1.0027    1.0042
    1.0003    1.0011    0.9999    0.9942
    1.0000    0.9856    0.9503    0.9126
    0.5549    0.5649    0.5752    0.5859
    0.0013    0.0410    0.1220    0.2034
    0.0000    0.0020    0.0179    0.0530
    0.0000    0.0001    0.0028    0.0139


val(:,:,2,1) =

    1.0084    1.0175    1.0273    1.0375
    1.0084    1.0174    1.0257    1.0319
    1.0082    1.0087    0.9973    0.9837
    0.6970    0.7119    0.7273    0.7434
    0.0024    0.0715    0.2020    0.3215
    0.0000    0.0035    0.0317    0.0920
    0.0000    0.0002    0.0051    0.0247


val(:,:,3,1) =

    1.0166    1.0340    1.0524    1.0717
    1.0166    1.0340    1.0516    1.0685
    1.0164    1.0291    1.0354    1.0408
    0.8144    0.8354    0.8573    0.8800
    0.0042    0.1222    0.3188    0.4761
    0.0000    0.0063    0.0558    0.1563
    0.0000    0.0004    0.0091    0.0437


val(:,:,4,1) =

    1.0248    1.0508    1.0782    1.1069
    1.0248    1.0508    1.0777    1.1051
    1.0247    1.0481    1.0686    1.0894
    0.9007    0.9288    0.9582    0.9890
    0.0076    0.2021    0.4708    0.6520
    0.0000    0.0113    0.0967    0.2560
    0.0000    0.0007    0.0162    0.0765


val(:,:,5,1) =

    1.0331    1.0679    1.1046    1.1432
    1.0331    1.0679    1.1043    1.1422
    1.0330    1.0664    1.0992    1.1333
    0.9598    0.9958    1.0337    1.0735
    0.0136    0.3181    0.6424    0.8246
    0.0000    0.0201    0.1635    0.3976
    0.0000    0.0012    0.0287    0.1315


val(:,:,6,1) =

    1.0414    1.0852    1.1316    1.1807
    1.0414    1.0852    1.1315    1.1801
    1.0414    1.0844    1.1286    1.1751
    0.9992    1.0437    1.0907    1.1404
    0.0241    0.4680    0.8089    0.9737
    0.0000    0.0356    0.2663    0.5756
    0.0000    0.0022    0.0507    0.2196


val(:,:,7,1) =

    1.0498    1.1029    1.1593    1.2193
    1.0498    1.1029    1.1592    1.2190
    1.0498    1.1024    1.1576    1.2163
    1.0258    1.0792    1.1360    1.1965
    0.0425    0.6355    0.9501    1.0923
    0.0001    0.0625    0.4101    0.7693
    0.0000    0.0039    0.0884    0.3508


val(:,:,8,1) =

    1.0583    1.1208    1.1877    1.2593
    1.0583    1.1208    1.1876    1.2591
    1.0583    1.1205    1.1867    1.2576
    1.0448    1.1075    1.1745    1.2464
    0.0740    0.7957    1.0594    1.1843
    0.0002    0.1079    0.5873    0.9516
    0.0000    0.0070    0.1509    0.5263


val(:,:,9,1) =

    1.0669    1.1390    1.2167    1.3005
    1.0669    1.1390    1.2167    1.3004
    1.0669    1.1388    1.2162    1.2996
    1.0593    1.1315    1.2094    1.2933
    0.1261    0.9288    1.1410    1.2573
    0.0003    0.1811    0.7756    1.1044
    0.0000    0.0125    0.2490    0.7316


val(:,:,10,1) =

    1.0755    1.1575    1.2465    1.3431
    1.0755    1.1575    1.2465    1.3431
    1.0755    1.1574    1.2462    1.3426
    1.0713    1.1533    1.2424    1.3391
    0.2077    1.0289    1.2029    1.3186
    0.0005    0.2914    0.9480    1.2244
    0.0000    0.0222    0.3910    0.9384


val(:,:,1,2) =

    1.0008    1.0029    1.0046    1.0035
    1.0007    0.9993    0.9867    0.9672
    0.9951    0.9423    0.8837    0.8443
    0.5443    0.5604    0.5773    0.5951
    0.0146    0.1244    0.2392    0.3264
    0.0003    0.0197    0.0790    0.1545
    0.0000    0.0033    0.0258    0.0707


val(:,:,2,2) =

    1.0089    1.0192    1.0299    1.0393
    1.0088    1.0168    1.0175    1.0138
    1.0049    0.9766    0.9427    0.9217
    0.6404    0.6613    0.6833    0.7067
    0.0211    0.1728    0.3197    0.4256
    0.0004    0.0284    0.1120    0.2140
    0.0000    0.0049    0.0372    0.1007


val(:,:,3,2) =

    1.0170    1.0358    1.0556    1.0754
    1.0170    1.0341    1.0471    1.0576
    1.0143    1.0061    0.9935    0.9902
    0.7294    0.7560    0.7841    0.8141
    0.0305    0.2358    0.4162    0.5386
    0.0006    0.0410    0.1570    0.2910
    0.0000    0.0071    0.0535    0.1422


val(:,:,4,2) =

    1.0252    1.0527    1.0818    1.1121
    1.0252    1.0515    1.0759    1.0997
    1.0234    1.0320    1.0381    1.0513
    0.8073    0.8404    0.8756    0.9131
    0.0439    0.3146    0.5253    0.6598
    0.0009    0.0588    0.2168    0.3867
    0.0000    0.0102    0.0766    0.1984


val(:,:,5,2) =

    1.0335    1.0698    1.1085    1.1495
    1.0335    1.0690    1.1045    1.1409
    1.0323    1.0555    1.0780    1.1066
    0.8724    0.9127    0.9558    1.0019
    0.0628    0.4085    0.6416    0.7825
    0.0013    0.0838    0.2939    0.4999
    0.0000    0.0149    0.1089    0.2724


val(:,:,6,2) =

    1.0419    1.0872    1.1358    1.1878
    1.0419    1.0866    1.1330    1.1819
    1.0410    1.0773    1.1146    1.1578
    0.9251    0.9733    1.0250    1.0806
    0.0891    0.5142    0.7581    0.9003
    0.0018    0.1185    0.3889    0.6265
    0.0000    0.0215    0.1532    0.3662


val(:,:,7,2) =

    1.0503    1.1048    1.1637    1.2272
    1.0503    1.1044    1.1618    1.2231
    1.0497    1.0980    1.1490    1.2063
    0.9670    1.0235    1.0845    1.1505
    0.1253    0.6259    0.8685    1.0087
    0.0026    0.1656    0.5002    0.7600
    0.0001    0.0311    0.2128    0.4800


val(:,:,8,2) =

    1.0588    1.1228    1.1923    1.2677
    1.0588    1.1225    1.1909    1.2649
    1.0584    1.1181    1.1821    1.2532
    1.0000    1.0653    1.1363    1.2135
    0.1737    0.7365    0.9684    1.1059
    0.0039    0.2276    0.6232    0.8929
    0.0001    0.0449    0.2902    0.6109


val(:,:,9,2) =

    1.0674    1.1410    1.2215    1.3094
    1.0674    1.1408    1.2206    1.3075
    1.0671    1.1378    1.2145    1.2994
    1.0262    1.1008    1.1823    1.2714
    0.2365    0.8399    1.0559    1.1921
    0.0056    0.3067    0.7511    1.0188
    0.0001    0.0644    0.3871    0.7529


val(:,:,10,2) =

    1.0760    1.1595    1.2514    1.3524
    1.0760    1.1594    1.2508    1.3511
    1.0758    1.1573    1.2466    1.3455
    1.0473    1.1315    1.2241    1.3260
    0.3145    0.9316    1.1314    1.2686
    0.0081    0.4028    0.8763    1.1335
    0.0002    0.0918    0.5026    0.8982


val(:,:,1,3) =

    1.0014    1.0043    1.0029    0.9972
    1.0011    0.9910    0.9642    0.9389
    0.9805    0.8956    0.8376    0.8105
    0.5423    0.5647    0.5888    0.6148
    0.0447    0.2044    0.3251    0.4105
    0.0025    0.0576    0.1561    0.2525
    0.0002    0.0163    0.0725    0.1505


val(:,:,2,3) =

    1.0095    1.0209    1.0300    1.0366
    1.0092    1.0108    1.0001    0.9906
    0.9936    0.9357    0.8970    0.8833
    0.6151    0.6424    0.6718    0.7036
    0.0583    0.2558    0.3968    0.4940
    0.0034    0.0749    0.1987    0.3156
    0.0002    0.0214    0.0942    0.1926


val(:,:,3,3) =

    1.0177    1.0378    1.0572    1.0758
    1.0175    1.0300    1.0341    1.0399
    1.0055    0.9715    0.9515    0.9519
    0.6851    0.7179    0.7535    0.7920
    0.0756    0.3161    0.4765    0.5848
    0.0044    0.0970    0.2506    0.3896
    0.0003    0.0281    0.1218    0.2445


val(:,:,4,3) =

    1.0259    1.0548    1.0845    1.1151
    1.0257    1.0489    1.0668    1.0872
    1.0167    1.0035    1.0014    1.0162
    0.7504    0.7895    0.8319    0.8780
    0.0977    0.3850    0.5627    0.6804
    0.0058    0.1250    0.3126    0.4741
    0.0004    0.0369    0.1566    0.3074


val(:,:,5,3) =

    1.0342    1.0721    1.1122    1.1547
    1.0341    1.0676    1.0987    1.1331
    1.0272    1.0326    1.0474    1.0767
    0.8096    0.8555    0.9055    0.9601
    0.1255    0.4614    0.6528    0.7781
    0.0077    0.1600    0.3848    0.5679
    0.0005    0.0482    0.1998    0.3818


val(:,:,6,3) =

    1.0426    1.0896    1.1402    1.1948
    1.0425    1.0862    1.1299    1.1783
    1.0372    1.0593    1.0900    1.1338
    0.8619    0.9153    0.9736    1.0376
    0.1599    0.5434    0.7441    0.8753
    0.0101    0.2032    0.4666    0.6688
    0.0007    0.0629    0.2528    0.4680


val(:,:,7,3) =

    1.0510    1.1074    1.1688    1.2357
    1.0509    1.1048    1.1609    1.2231
    1.0469    1.0842    1.1300    1.1884
    0.9075    0.9687    1.0361    1.1103
    0.2020    0.6284    0.8338    0.9697
    0.0133    0.2554    0.5567    0.7741
    0.0009    0.0818    0.3165    0.5649


val(:,:,8,3) =

    1.0595    1.1255    1.1979    1.2776
    1.0594    1.1235    1.1919    1.2679
    1.0564    1.1077    1.1681    1.2410
    0.9465    1.0163    1.0933    1.1786
    0.2523    0.7137    0.9197    1.0598
    0.0175    0.3173    0.6528    0.8808
    0.0012    0.1059    0.3912    0.6708


val(:,:,9,3) =

    1.0681    1.1438    1.2276    1.3205
    1.0680    1.1423    1.2230    1.3131
    1.0657    1.1303    1.2048    1.2923
    0.9799    1.0585    1.1458    1.2430
    0.3111    0.7966    1.0004    1.1448
    0.0230    0.3888    0.7520    0.9861
    0.0016    0.1365    0.4768    0.7829


val(:,:,10,3) =

    1.0767    1.1624    1.2579    1.3645
    1.0767    1.1613    1.2544    1.3588
    1.0749    1.1521    1.2404    1.3429
    1.0083    1.0963    1.1944    1.3043
    0.3779    0.8748    1.0750    1.2246
    0.0301    0.4691    0.8512    1.0878
    0.0021    0.1747    0.5718    0.8982


val(:,:,1,4) =

    1.0022    1.0042    0.9981    0.9906
    1.0006    0.9771    0.9422    0.9206
    0.9586    0.8580    0.8112    0.7996
    0.5436    0.5727    0.6047    0.6400
    0.0846    0.2702    0.3903    0.4758
    0.0093    0.1063    0.2302    0.3368
    0.0011    0.0409    0.1315    0.2330


val(:,:,2,4) =

    1.0103    1.0216    1.0273    1.0330
    1.0090    0.9996    0.9810    0.9739
    0.9749    0.8994    0.8675    0.8667
    0.6024    0.6365    0.6741    0.7156
    0.1034    0.3195    0.4537    0.5488
    0.0115    0.1299    0.2758    0.3983
    0.0014    0.0506    0.1604    0.2805


val(:,:,3,4) =

    1.0185    1.0389    1.0563    1.0750
    1.0174    1.0211    1.0183    1.0256
    0.9898    0.9376    0.9211    0.9320
    0.6600    0.6997    0.7435    0.7920
    0.1260    0.3744    0.5221    0.6264
    0.0143    0.1580    0.3281    0.4670
    0.0018    0.0625    0.1948    0.3355


val(:,:,4,4) =

    1.0267    1.0565    1.0853    1.1169
    1.0259    1.0421    1.0541    1.0759
    1.0035    0.9729    0.9719    0.9953
    0.7153    0.7611    0.8118    0.8681
    0.1529    0.4344    0.5944    0.7074
    0.0177    0.1912    0.3871    0.5423
    0.0022    0.0770    0.2353    0.3983


val(:,:,5,4) =

    1.0350    1.0741    1.1144    1.1590
    1.0344    1.0625    1.0890    1.1251
    1.0163    1.0055    1.0200    1.0566
    0.7674    0.8198    0.8781    0.9431
    0.1844    0.4987    0.6695    0.7907
    0.0220    0.2301    0.4527    0.6235
    0.0027    0.0946    0.2826    0.4689


val(:,:,6,4) =

    1.0434    1.0920    1.1437    1.2015
    1.0429    1.0826    1.1230    1.1736
    1.0283    1.0359    1.0656    1.1159
    0.8156    0.8752    0.9417    1.0162
    0.2210    0.5663    0.7458    0.8747
    0.0273    0.2751    0.5242    0.7095
    0.0034    0.1160    0.3370    0.5472


val(:,:,7,4) =

    1.0518    1.1101    1.1734    1.2444
    1.0514    1.1025    1.1566    1.2217
    1.0397    1.0644    1.1090    1.1734
    0.8597    0.9270    1.0024    1.0872
    0.2630    0.6359    0.8221    0.9584
    0.0338    0.3263    0.6007    0.7988
    0.0042    0.1416    0.3987    0.6322


val(:,:,8,4) =

    1.0604    1.1284    1.2034    1.2881
    1.0600    1.1223    1.1898    1.2696
    1.0506    1.0912    1.1507    1.2296
    0.8996    0.9750    1.0599    1.1558
    0.3103    0.7061    0.8971    1.0408
    0.0418    0.3837    0.6809    0.8900
    0.0053    0.1722    0.4675    0.7230


val(:,:,9,4) =

    1.0689    1.1469    1.2339    1.3327
    1.0687    1.1420    1.2229    1.3176
    1.0610    1.1168    1.1909    1.2846
    0.9353    1.0194    1.1144    1.2223
    0.3628    0.7754    0.9699    1.1212
    0.0516    0.4470    0.7635    0.9817
    0.0066    0.2084    0.5430    0.8182


val(:,:,10,4) =

    1.0776    1.1657    1.2650    1.3783
    1.0774    1.1618    1.2561    1.3661
    1.0712    1.1413    1.2300    1.3390
    0.9672    1.0602    1.1660    1.2867
    0.4199    0.8427    1.0397    1.1991
    0.0637    0.5154    0.8469    1.0727
    0.0082    0.2507    0.6243    0.9162


val(:,:,1,5) =

    1.0030    1.0024    0.9925    0.9882
    0.9985    0.9612    0.9255    0.9141
    0.9337    0.8309    0.7988    0.8036
    0.5465    0.5828    0.6234    0.6693
    0.1268    0.3240    0.4433    0.5324
    0.0215    0.1577    0.2967    0.4104
    0.0039    0.0744    0.1935    0.3112


val(:,:,2,5) =

    1.0112    1.0206    1.0236    1.0325
    1.0074    0.9857    0.9656    0.9671
    0.9526    0.8715    0.8515    0.8658
    0.5961    0.6375    0.6840    0.7366
    0.1488    0.3699    0.5004    0.5981
    0.0257    0.1848    0.3424    0.4692
    0.0047    0.0883    0.2266    0.3607


val(:,:,3,5) =

    1.0194    1.0388    1.0544    1.0766
    1.0163    1.0093    1.0045    1.0194
    0.9699    0.9098    0.9028    0.9276
    0.6451    0.6921    0.7450    0.8051
    0.1740    0.4196    0.5609    0.6673
    0.0307    0.2159    0.3929    0.5332
    0.0056    0.1047    0.2643    0.4158


val(:,:,4,5) =

    1.0277    1.0570    1.0850    1.1207
    1.0250    1.0322    1.0423    1.0711
    0.9860    0.9460    0.9525    0.9887
    0.6929    0.7459    0.8060    0.8742
    0.2027    0.4726    0.6242    0.7393
    0.0366    0.2511    0.4482    0.6018
    0.0067    0.1238    0.3070    0.4768


val(:,:,5,5) =

    1.0360    1.0753    1.1157    1.1649
    1.0338    1.0544    1.0793    1.1221
    1.0010    0.9803    1.0005    1.0490
    0.7389    0.7985    0.8662    0.9434
    0.2350    0.5285    0.6895    0.8134
    0.0436    0.2906    0.5080    0.6747
    0.0080    0.1460    0.3549    0.5434


val(:,:,6,5) =

    1.0444    1.0937    1.1464    1.2095
    1.0426    1.0762    1.1155    1.1727
    1.0150    1.0126    1.0470    1.1084
    0.7826    0.8493    0.9252    1.0122
    0.2710    0.5866    0.7561    0.8888
    0.0519    0.3346    0.5719    0.7512
    0.0096    0.1717    0.4080    0.6154


val(:,:,7,5) =

    1.0529    1.1123    1.1774    1.2546
    1.0513    1.0975    1.1512    1.2231
    1.0282    1.0433    1.0919    1.1670
    0.8237    0.8979    0.9828    1.0804
    0.3108    0.6461    0.8233    0.9648
    0.0617    0.3829    0.6391    0.8305
    0.0115    0.2012    0.4664    0.6922


val(:,:,8,5) =

    1.0614    1.1310    1.2086    1.3003
    1.0601    1.1186    1.1865    1.2735
    1.0407    1.0726    1.1355    1.2248
    0.8621    0.9443    1.0386    1.1476
    0.3542    0.7063    0.8903    1.0410
    0.0733    0.4355    0.7092    0.9119
    0.0138    0.2350    0.5296    0.7733


val(:,:,9,5) =

    1.0700    1.1499    1.2403    1.3468
    1.0689    1.1396    1.2216    1.3240
    1.0526    1.1005    1.1779    1.2820
    0.8976    0.9882    1.0927    1.2139
    0.4009    0.7663    0.9565    1.1166
    0.0869    0.4920    0.7811    0.9944
    0.0165    0.2733    0.5975    0.8578


val(:,:,10,5) =

    1.0786    1.1691    1.2723    1.3942
    1.0778    1.1604    1.2566    1.3749
    1.0641    1.1274    1.2194    1.3389
    0.9303    1.0297    1.1449    1.2792
    0.4505    0.8255    1.0214    1.1915
    0.1028    0.5518    0.8541    1.0775
    0.0197    0.3163    0.6693    0.9450


val(:,:,1,6) =

    1.0038    0.9991    0.9884    0.9922
    0.9947    0.9459    0.9155    0.9182
    0.9093    0.8125    0.7964    0.8181
    0.5504    0.5942    0.6444    0.7024
    0.1674    0.3689    0.4894    0.5851
    0.0388    0.2073    0.3563    0.4773
    0.0092    0.1130    0.2541    0.3849


val(:,:,2,6) =

    1.0120    1.0183    1.0209    1.0376
    1.0042    0.9719    0.9559    0.9705
    0.9297    0.8514    0.8458    0.8766
    0.5935    0.6425    0.6989    0.7641
    0.1909    0.4115    0.5417    0.6459
    0.0450    0.2363    0.4009    0.5336
    0.0108    0.1303    0.2894    0.4347


val(:,:,3,6) =

    1.0203    1.0374    1.0531    1.0831
    1.0136    0.9969    0.9954    1.0226
    0.9487    0.8889    0.8946    0.9355
    0.6362    0.6910    0.7540    0.8273
    0.2171    0.4568    0.5965    0.7094
    0.0522    0.2684    0.4493    0.5938
    0.0126    0.1500    0.3286    0.4891


val(:,:,4,6) =

    1.0286    1.0564    1.0851    1.1288
    1.0228    1.0213    1.0342    1.0746
    0.9665    0.9248    0.9425    0.9944
    0.6783    0.7392    0.8095    0.8915
    0.2460    0.5045    0.6535    0.7755
    0.0606    0.3038    0.5011    0.6578
    0.0146    0.1722    0.3717    0.5480


val(:,:,5,6) =

    1.0370    1.0755    1.1172    1.1748
    1.0320    1.0450    1.0724    1.1265
    0.9832    0.9594    0.9896    1.0533
    0.7194    0.7868    0.8650    0.9564
    0.2776    0.5543    0.7122    0.8435
    0.0702    0.3426    0.5563    0.7251
    0.0171    0.1974    0.4188    0.6112


val(:,:,6,6) =

    1.0454    1.0946    1.1493    1.2212
    1.0412    1.0682    1.1100    1.1784
    0.9989    0.9925    1.0358    1.1120
    0.7590    0.8334    0.9201    1.0217
    0.3120    0.6056    0.7721    0.9130
    0.0812    0.3846    0.6145    0.7953
    0.0199    0.2256    0.4699    0.6786


val(:,:,7,6) =

    1.0540    1.1138    1.1816    1.2681
    1.0503    1.0909    1.1473    1.2303
    1.0138    1.0243    1.0810    1.1706
    0.7970    0.8789    0.9745    1.0872
    0.3491    0.6581    0.8329    0.9837
    0.0938    0.4299    0.6753    0.8680
    0.0232    0.2571    0.5250    0.7498


val(:,:,8,6) =

    1.0625    1.1331    1.2141    1.3157
    1.0594    1.1134    1.1842    1.2825
    1.0279    1.0549    1.1254    1.2290
    0.8331    0.9229    1.0282    1.1526
    0.3887    0.7112    0.8939    1.0551
    0.1082    0.4782    0.7383    0.9427
    0.0270    0.2920    0.5836    0.8243


val(:,:,9,6) =

    1.0711    1.1525    1.2470    1.3641
    1.0685    1.1355    1.2209    1.3350
    1.0413    1.0844    1.1689    1.2874
    0.8673    0.9654    1.0809    1.2180
    0.4305    0.7645    0.9549    1.1269
    0.1245    0.5292    0.8029    1.0190
    0.0314    0.3304    0.6457    0.9019


val(:,:,10,6) =

    1.0798    1.1721    1.2802    1.4134
    1.0775    1.1575    1.2576    1.3880
    1.0541    1.1129    1.2118    1.3458
    0.8995    1.0062    1.1325    1.2831
    0.4744    0.8175    1.0155    1.1989
    0.1431    0.5827    0.8687    1.0964
    0.0365    0.3725    0.7107    0.9818


val(:,:,1,7) =

    1.0043    0.9952    0.9873    1.0034
    0.9891    0.9329    0.9122    0.9316
    0.8869    0.8010    0.8013    0.8408
    0.5550    0.6067    0.6674    0.7393
    0.2049    0.4076    0.5315    0.6367
    0.0599    0.2539    0.4106    0.5406
    0.0176    0.1537    0.3122    0.4552


val(:,:,2,7) =

    1.0126    1.0153    1.0207    1.0495
    0.9993    0.9596    0.9522    0.9831
    0.9081    0.8381    0.8479    0.8967
    0.5931    0.6503    0.7175    0.7974
    0.2289    0.4473    0.5801    0.6941
    0.0680    0.2835    0.4539    0.5949
    0.0201    0.1735    0.3485    0.5050


val(:,:,3,7) =

    1.0210    1.0353    1.0539    1.0960
    1.0093    0.9856    0.9917    1.0348
    0.9281    0.8742    0.8944    0.9533
    0.6312    0.6942    0.7684    0.8569
    0.2550    0.4891    0.6308    0.7539
    0.0773    0.3157    0.5001    0.6525
    0.0229    0.1955    0.3881    0.5584


val(:,:,4,7) =

    1.0294    1.0551    1.0871    1.1428
    1.0192    1.0110    1.0309    1.0868
    0.9470    0.9093    0.9407    1.0104
    0.6689    0.7381    0.8199    0.9177
    0.2833    0.5326    0.6833    0.8159
    0.0877    0.3506    0.5491    0.7131
    0.0262    0.2198    0.4308    0.6156


val(:,:,5,7) =

    1.0379    1.0750    1.1203    1.1902
    1.0289    1.0358    1.0697    1.1392
    0.9650    0.9435    0.9865    1.0680
    0.7059    0.7817    0.8717    0.9795
    0.3137    0.5777    0.7372    0.8798
    0.0994    0.3880    0.6007    0.7765
    0.0299    0.2466    0.4767    0.6762


val(:,:,6,7) =

    1.0464    1.0948    1.1536    1.2381
    1.0386    1.0601    1.1082    1.1918
    0.9819    0.9766    1.0319    1.1260
    0.7421    0.8249    0.9235    1.0422
    0.3461    0.6241    0.7924    0.9454
    0.1126    0.4279    0.6547    0.8425
    0.0341    0.2761    0.5259    0.7403


val(:,:,7,7) =

    1.0550    1.1147    1.1871    1.2867
    1.0481    1.0840    1.1464    1.2449
    0.9981    1.0088    1.0768    1.1843
    0.7771    0.8674    0.9753    1.1055
    0.3806    0.6714    0.8484    1.0123
    0.1272    0.4704    0.7108    0.9108
    0.0389    0.3082    0.5780    0.8076


val(:,:,8,7) =

    1.0636    1.1346    1.2208    1.3360
    1.0576    1.1075    1.1845    1.2984
    1.0134    1.0400    1.1213    1.2429
    0.8110    0.9091    1.0268    1.1694
    0.4168    0.7194    0.9051    1.0803
    0.1436    0.5150    0.7687    0.9810
    0.0443    0.3432    0.6330    0.8778


val(:,:,9,7) =

    1.0723    1.1546    1.2548    1.3861
    1.0670    1.1307    1.2225    1.3524
    1.0281    1.0703    1.1653    1.3019
    0.8434    0.9498    1.0778    1.2337
    0.4547    0.7676    0.9620    1.1493
    0.1618    0.5618    0.8281    1.0530
    0.0505    0.3810    0.6907    0.9506


val(:,:,10,7) =

    1.0810    1.1748    1.2891    1.4372
    1.0764    1.1537    1.2604    1.4070
    1.0422    1.0998    1.2089    1.3613
    0.8744    0.9894    1.1285    1.2984
    0.4940    0.8159    1.0191    1.2190
    0.1819    0.6103    0.8887    1.1264
    0.0575    0.4216    0.7508    1.0257


val(:,:,1,8) =

    1.0044    0.9914    0.9898    1.0220
    0.9822    0.9227    0.9148    0.9535
    0.8672    0.7949    0.8119    0.8707
    0.5600    0.6202    0.6924    0.7804
    0.2389    0.4420    0.5715    0.6892
    0.0834    0.2972    0.4612    0.6027
    0.0288    0.1949    0.3677    0.5239


val(:,:,2,8) =

    1.0129    1.0123    1.0238    1.0686
    0.9931    0.9498    0.9543    1.0043
    0.8886    0.8302    0.8564    0.9247
    0.5944    0.6601    0.7393    0.8359
    0.2628    0.4793    0.6173    0.7443
    0.0933    0.3268    0.5033    0.6556
    0.0324    0.2163    0.4045    0.5735


val(:,:,3,8) =

    1.0214    1.0330    1.0578    1.1159
    1.0038    0.9763    0.9936    1.0557
    0.9091    0.8649    0.9010    0.9797
    0.6288    0.7005    0.7870    0.8930
    0.2884    0.5181    0.6649    0.8016
    0.1042    0.3586    0.5477    0.7113
    0.0364    0.2398    0.4439    0.6262


val(:,:,4,8) =

    1.0299    1.0537    1.0919    1.1637
    1.0143    1.0023    1.0328    1.1077
    0.9287    0.8990    0.9456    1.0356
    0.6629    0.7410    0.8355    0.9515
    0.3157    0.5584    0.7140    0.8609
    0.1163    0.3925    0.5943    0.7696
    0.0409    0.2653    0.4860    0.6821


val(:,:,5,8) =

    1.0385    1.0742    1.1260    1.2122
    1.0246    1.0278    1.0718    1.1603
    0.9474    0.9324    0.9902    1.0923
    0.6967    0.7815    0.8844    1.0112
    0.3446    0.5999    0.7645    0.9221
    0.1296    0.4284    0.6432    0.8305
    0.0459    0.2930    0.5307    0.7410


val(:,:,6,8) =

    1.0472    1.0948    1.1603    1.2615
    1.0348    1.0529    1.1108    1.2136
    0.9652    0.9651    1.0348    1.1496
    0.7300    0.8218    0.9337    1.0720
    0.3751    0.6425    0.8162    0.9850
    0.1443    0.4664    0.6940    0.8937
    0.0515    0.3229    0.5780    0.8028


val(:,:,7,8) =

    1.0559    1.1153    1.1948    1.3115
    1.0448    1.0776    1.1497    1.2675
    0.9822    0.9971    1.0791    1.2077
    0.7624    0.8618    0.9833    1.1338
    0.4071    0.6859    0.8687    1.0494
    0.1604    0.5063    0.7466    0.9590
    0.0578    0.3551    0.6278    0.8675


val(:,:,8,8) =

    1.0646    1.1359    1.2295    1.3624
    1.0548    1.1020    1.1885    1.3220
    0.9986    1.0284    1.1234    1.2665
    0.7941    0.9013    1.0329    1.1966
    0.4406    0.7299    0.9220    1.1151
    0.1781    0.5480    0.8008    1.0263
    0.0648    0.3896    0.6800    0.9347


val(:,:,9,8) =

    1.0734    1.1566    1.2646    1.4143
    1.0646    1.1262    1.2274    1.3774
    1.0142    1.0591    1.1674    1.3259
    0.8248    0.9402    1.0824    1.2601
    0.4752    0.7743    0.9759    1.1821
    0.1974    0.5914    0.8564    1.0954
    0.0726    0.4264    0.7344    1.0044


val(:,:,10,8) =

    1.0822    1.1774    1.3000    1.4671
    1.0744    1.1501    1.2664    1.4335
    1.0292    1.0891    1.2113    1.3861
    0.8544    0.9785    1.1319    1.3244
    0.5109    0.8189    1.0302    1.2501
    0.2184    0.6361    0.9132    1.1661
    0.0814    0.4654    0.7908    1.0763


val(:,:,1,9) =

    1.0040    0.9884    0.9964    1.0480
    0.9744    0.9156    0.9228    0.9831
    0.8503    0.7930    0.8273    0.9073
    0.5654    0.6345    0.7195    0.8259
    0.2697    0.4734    0.6106    0.7440
    0.1084    0.3374    0.5095    0.6654
    0.0427    0.2354    0.4212    0.5925


val(:,:,2,9) =

    1.0127    1.0099    1.0308    1.0952
    0.9860    0.9427    0.9617    1.0336
    0.8717    0.8267    0.8701    0.9602
    0.5968    0.6716    0.7640    0.8799
    0.2931    0.5086    0.6543    0.7976
    0.1196    0.3667    0.5504    0.7174
    0.0473    0.2580    0.4581    0.6421


val(:,:,3,9) =

    1.0214    1.0313    1.0654    1.1432
    0.9973    0.9694    1.0007    1.0849
    0.8923    0.8600    0.9131    1.0142
    0.6282    0.7092    0.8094    0.9355
    0.3179    0.5451    0.6996    0.8533
    0.1318    0.3979    0.5934    0.7720
    0.0525    0.2823    0.4972    0.6945


val(:,:,4,9) =

    1.0301    1.0526    1.1001    1.1920
    1.0084    0.9957    1.0398    1.1370
    0.9121    0.8930    0.9565    1.0693
    0.6596    0.7470    0.8555    0.9925
    0.3440    0.5827    0.7462    0.9110
    0.1451    0.4307    0.6382    0.8289
    0.0582    0.3085    0.5386    0.7496


val(:,:,5,9) =

    1.0389    1.0738    1.1349    1.2417
    1.0193    1.0217    1.0789    1.1900
    0.9311    0.9256    1.0000    1.1254
    0.6907    0.7850    0.9023    1.0509
    0.3715    0.6214    0.7941    0.9704
    0.1596    0.4653    0.6849    0.8881
    0.0645    0.3366    0.5822    0.8074


val(:,:,6,9) =

    1.0477    1.0950    1.1700    1.2922
    1.0300    1.0473    1.1181    1.2439
    0.9495    0.9577    1.0437    1.1825
    0.7214    0.8229    0.9496    1.1106
    0.4003    0.6610    0.8432    1.0316
    0.1754    0.5015    0.7333    0.9495
    0.0715    0.3665    0.6281    0.8678


val(:,:,7,9) =

    1.0565    1.1162    1.2054    1.3436
    1.0405    1.0726    1.1574    1.2986
    0.9671    0.9893    1.0875    1.2406
    0.7517    0.8608    0.9973    1.1715
    0.4302    0.7013    0.8931    1.0944
    0.1925    0.5393    0.7833    1.0130
    0.0791    0.3983    0.6760    0.9308


val(:,:,8,9) =

    1.0653    1.1374    1.2411    1.3960
    1.0510    1.0977    1.1968    1.3542
    0.9841    1.0205    1.1313    1.2996
    0.7813    0.8984    1.0454    1.2336
    0.4612    0.7423    0.9439    1.1587
    0.2109    0.5785    0.8348    1.0785
    0.0876    0.4321    0.7260    0.9962


val(:,:,9,9) =

    1.0742    1.1587    1.2771    1.4495
    1.0613    1.1225    1.2364    1.4108
    1.0004    1.0511    1.1753    1.3596
    0.8103    0.9356    1.0937    1.2967
    0.4931    0.7836    0.9954    1.2244
    0.2307    0.6191    0.8876    1.1458
    0.0968    0.4678    0.7779    1.0639


val(:,:,10,9) =

    1.0832    1.1800    1.3135    1.5042
    1.0715    1.1471    1.2761    1.4684
    1.0162    1.0813    1.2193    1.4205
    0.8385    0.9725    1.1422    1.3609
    0.5259    0.8253    1.0475    1.2915
    0.2520    0.6609    0.9415    1.2148
    0.1070    0.5053    0.8315    1.1338


val(:,:,1,10) =

    1.0031    0.9866    1.0071    1.0817
    0.9663    0.9115    0.9357    1.0204
    0.8361    0.7946    0.8469    0.9506
    0.5711    0.6496    0.7487    0.8766
    0.2975    0.5027    0.6497    0.8021
    0.1338    0.3751    0.5566    0.7302
    0.0586    0.2749    0.4734    0.6627


val(:,:,2,10) =

    1.0120    1.0086    1.0419    1.1296
    0.9784    0.9385    0.9742    1.0708
    0.8572    0.8268    0.8883    1.0029
    0.6000    0.6846    0.7914    0.9297
    0.3203    0.5362    0.6918    0.8550
    0.1461    0.4040    0.5966    0.7819
    0.0644    0.2982    0.5102    0.7125


val(:,:,3,10) =

    1.0209    1.0305    1.0768    1.1785
    0.9902    0.9652    1.0128    1.1224
    0.8776    0.8590    0.9302    1.0565
    0.6291    0.7199    0.8351    0.9845
    0.3442    0.5707    0.7354    0.9099
    0.1593    0.4344    0.6384    0.8359
    0.0706    0.3231    0.5490    0.7648


val(:,:,4,10) =

    1.0299    1.0523    1.1120    1.2283
    1.0019    0.9917    1.0517    1.1749
    0.8974    0.8909    0.9725    1.1113
    0.6581    0.7556    0.8795    1.0408
    0.3693    0.6062    0.7802    0.9667
    0.1735    0.4662    0.6818    0.8921
    0.0775    0.3495    0.5898    0.8196


val(:,:,5,10) =

    1.0388    1.0741    1.1475    1.2791
    1.0133    1.0178    1.0909    1.2285
    0.9166    0.9226    1.0152    1.1674
    0.6870    0.7914    0.9246    1.0985
    0.3954    0.6427    0.8262    1.0252
    0.1888    0.4995    0.7269    0.9505
    0.0850    0.3776    0.6326    0.8769


val(:,:,6,10) =

    1.0478    1.0959    1.1833    1.3309
    1.0245    1.0438    1.1302    1.2831
    0.9351    0.9540    1.0581    1.2245
    0.7156    0.8274    0.9704    1.1577
    0.4225    0.6799    0.8732    1.0855
    0.2053    0.5342    0.7735    1.0110
    0.0931    0.4073    0.6773    0.9367


val(:,:,7,10) =

    1.0568    1.1176    1.2194    1.3838
    1.0356    1.0695    1.1698    1.3387
    0.9531    0.9852    1.1014    1.2829
    0.7439    0.8634    1.0168    1.2183
    0.4505    0.7178    0.9213    1.1475
    0.2229    0.5702    0.8216    1.0735
    0.1020    0.4387    0.7238    0.9988


val(:,:,8,10) =

    1.0658    1.1394    1.2559    1.4378
    1.0465    1.0950    1.2096    1.3955
    0.9705    1.0160    1.1450    1.3424
    0.7719    0.8994    1.0636    1.2801
    0.4795    0.7563    0.9702    1.2111
    0.2417    0.6074    0.8710    1.1379
    0.1116    0.4717    0.7721    1.0632


val(:,:,9,10) =

    1.0748    1.1612    1.2928    1.4930
    1.0572    1.1203    1.2497    1.4533
    0.9873    1.0464    1.1888    1.4030
    0.7993    0.9352    1.1109    1.3433
    0.5092    0.7952    1.0199    1.2763
    0.2617    0.6457    0.9217    1.2043
    0.1221    0.5062    0.8221    1.1299


val(:,:,10,10) =

    1.0839    1.1832    1.3301    1.5494
    1.0679    1.1455    1.2901    1.5124
    1.0036    1.0766    1.2328    1.4649
    0.8261    0.9708    1.1585    1.4078
    0.5395    0.8344    1.0703    1.3429
    0.2830    0.6851    0.9735    1.2724
    0.1335    0.5423    0.8737    1.1987

